time(s) 	 Pos(mm) 	 Speed(mm/s) 	 u 	 Err
0.016998 	 0.000000 	 0.707607 	 0.000707 	 0.001414
0.020997 	 0.002500 	 0.708108 	 0.001415 	 0.000330
0.025000 	 0.005000 	 0.708359 	 0.001769 	 -0.001462
0.030058 	 0.007500 	 0.709364 	 0.003186 	 -0.001127
0.032002 	 0.010000 	 0.709364 	 0.003186 	 -0.001127
0.036044 	 0.012500 	 0.710119 	 0.004251 	 -0.003998
0.041056 	 0.015000 	 0.711129 	 0.005672 	 -0.003656
0.045038 	 0.017500 	 0.711382 	 0.006027 	 -0.005445
0.049998 	 0.020000 	 0.712395 	 0.007451 	 -0.005810
0.054018 	 0.022500 	 0.712903 	 0.008164 	 -0.006173
0.058022 	 0.025000 	 0.713666 	 0.009233 	 -0.006533
0.062021 	 0.027500 	 0.714430 	 0.010304 	 -0.006892
0.066009 	 0.030000 	 0.715452 	 0.011734 	 -0.006532
0.069995 	 0.032500 	 0.715708 	 0.012091 	 -0.008317
0.075021 	 0.035000 	 0.716733 	 0.013524 	 -0.007953
0.079021 	 0.037500 	 0.717247 	 0.014241 	 -0.009019
0.082994 	 0.040000 	 0.717761 	 0.014958 	 -0.010084
0.086999 	 0.042500 	 0.718535 	 0.016035 	 -0.010430
0.091020 	 0.045000 	 0.719309 	 0.017113 	 -0.010774
0.095019 	 0.047500 	 0.720086 	 0.018192 	 -0.011115
0.099051 	 0.050000 	 0.720863 	 0.019273 	 -0.011454
0.103051 	 0.052500 	 0.721383 	 0.019994 	 -0.012512
0.107034 	 0.055000 	 2.000000 	 0.020715 	 -0.013569
0.112037 	 0.057500 	 0.722685 	 0.021799 	 -0.013903
0.115994 	 0.060000 	 0.723468 	 0.022883 	 -0.014234
0.120020 	 0.062500 	 0.724253 	 0.023969 	 -0.014562
0.124034 	 0.065000 	 0.724777 	 0.024693 	 -0.015614
0.128036 	 0.067500 	 0.725828 	 0.026143 	 -0.015213
0.131991 	 0.070000 	 0.726091 	 0.026506 	 -0.016987
0.136052 	 0.072500 	 0.727409 	 0.028323 	 -0.016581
0.140036 	 0.075000 	 0.727937 	 0.029050 	 -0.016899
0.145034 	 0.077500 	 0.728732 	 0.030143 	 -0.017214
0.148989 	 0.080000 	 0.729527 	 0.031236 	 -0.017527
0.153052 	 0.082500 	 0.730059 	 0.031966 	 -0.018568
0.158018 	 0.085000 	 0.731123 	 0.033427 	 -0.018146
0.162048 	 0.087500 	 0.731657 	 0.034158 	 -0.019184
0.166989 	 0.090000 	 0.732191 	 0.034890 	 -0.020220
0.171048 	 0.092500 	 0.733262 	 0.036355 	 -0.019790
0.176030 	 0.095000 	 0.734067 	 0.037455 	 -0.020089
0.180044 	 0.097500 	 0.734604 	 0.038190 	 -0.021121
0.183988 	 0.100000 	 0.735412 	 0.039292 	 -0.021416
0.187989 	 0.102500 	 0.736221 	 0.040395 	 -0.021709
0.191992 	 0.105000 	 0.737032 	 0.041500 	 -0.022000
0.196004 	 0.107500 	 0.737573 	 0.042237 	 -0.023025
0.201987 	 0.110000 	 0.738658 	 0.043713 	 -0.022573
0.205995 	 0.112500 	 0.739474 	 0.044822 	 -0.022857
0.209986 	 0.115000 	 0.740019 	 0.045561 	 -0.023877
0.214988 	 0.117500 	 0.740837 	 0.046672 	 -0.024157
0.219008 	 0.120000 	 0.741384 	 0.047413 	 -0.025175
0.223016 	 0.122500 	 0.741931 	 0.048154 	 -0.026192
0.227029 	 0.125000 	 0.742753 	 0.049268 	 -0.026465
0.231028 	 0.127500 	 0.743577 	 0.050382 	 -0.026736
0.235028 	 0.130000 	 0.744127 	 0.051126 	 -0.027748
0.239038 	 0.132500 	 0.745229 	 0.052615 	 -0.027270
0.242986 	 0.135000 	 2.000000 	 0.052987 	 -0.029025
0.246985 	 0.137500 	 0.746334 	 0.054106 	 -0.029288
0.251985 	 0.140000 	 0.747165 	 0.055226 	 -0.029548
0.255984 	 0.142500 	 0.748275 	 0.056721 	 -0.029058
0.260010 	 0.145000 	 0.748553 	 0.057095 	 -0.030809
0.264043 	 0.147500 	 0.749667 	 0.058593 	 -0.030313
0.268984 	 0.150000 	 0.750224 	 0.059343 	 -0.031314
0.272981 	 0.152500 	 0.751063 	 0.060469 	 -0.031562
0.278009 	 0.155000 	 0.751903 	 0.061596 	 -0.031808
0.282039 	 0.157500 	 0.752744 	 0.062724 	 -0.032052
0.287008 	 0.160000 	 0.753587 	 0.063854 	 -0.032293
0.291040 	 0.162500 	 0.754995 	 0.065739 	 -0.031022
0.294983 	 0.165000 	 0.755560 	 0.066494 	 -0.032012
0.299038 	 0.167500 	 0.756125 	 0.067250 	 -0.033000
0.303019 	 0.170000 	 0.756408 	 0.067628 	 -0.034744
0.308008 	 0.172500 	 0.757542 	 0.069142 	 -0.034217
0.313019 	 0.175000 	 0.758394 	 0.070278 	 -0.034443
0.317978 	 0.177500 	 0.759247 	 0.071416 	 -0.034667
0.322007 	 0.180000 	 0.759817 	 0.072176 	 -0.035648
0.326115 	 0.182500 	 0.760674 	 0.073316 	 -0.035868
0.330015 	 0.185000 	 0.760959 	 0.073696 	 -0.037607
0.333980 	 0.187500 	 0.761818 	 0.074838 	 -0.037824
0.338021 	 0.190000 	 0.762964 	 0.076363 	 -0.037275
0.341979 	 0.192500 	 0.763539 	 0.077126 	 -0.038249
0.346015 	 0.195000 	 0.764114 	 0.077889 	 -0.039221
0.349976 	 0.197500 	 0.764690 	 0.078654 	 -0.040193
0.353980 	 0.200000 	 0.765555 	 0.079801 	 -0.040398
0.359040 	 0.202500 	 0.766421 	 0.080950 	 -0.040600
0.362977 	 0.205000 	 0.767290 	 0.082100 	 -0.040800
0.367975 	 0.207500 	 0.768159 	 0.083251 	 -0.040997
0.372039 	 0.210000 	 0.768740 	 0.084020 	 -0.041961
0.376022 	 0.212500 	 0.769612 	 0.085173 	 -0.042154
0.381022 	 0.215000 	 0.770195 	 0.085943 	 -0.043114
0.384979 	 0.217500 	 0.771069 	 0.087099 	 -0.043303
0.389979 	 0.220000 	 0.771653 	 0.087870 	 -0.044260
0.394979 	 0.222500 	 0.772531 	 0.089028 	 -0.044444
0.400029 	 0.225000 	 0.773996 	 0.090961 	 -0.043079
0.403974 	 0.227500 	 0.774290 	 0.091348 	 -0.044805
0.408975 	 0.230000 	 0.775172 	 0.092509 	 -0.044981
0.413032 	 0.232500 	 0.776055 	 0.093673 	 -0.045155
0.417029 	 0.235000 	 0.776350 	 0.094061 	 -0.046879
0.422028 	 0.237500 	 0.777235 	 0.095226 	 -0.047049
0.426005 	 0.240000 	 0.777827 	 0.096003 	 -0.047994
0.429998 	 0.242500 	 0.778418 	 0.096781 	 -0.048938
0.434024 	 0.245000 	 0.779604 	 0.098339 	 -0.048322
0.438003 	 0.247500 	 0.780197 	 0.099119 	 -0.049263
0.442016 	 0.250000 	 0.780792 	 0.099899 	 -0.050202
0.446015 	 0.252500 	 0.781685 	 0.101070 	 -0.050359
0.450972 	 0.255000 	 0.782281 	 0.101852 	 -0.051295
0.456015 	 0.257500 	 0.783773 	 0.103810 	 -0.049881
0.461000 	 0.260000 	 0.784372 	 0.104593 	 -0.050813
0.465969 	 0.262500 	 0.785570 	 0.106163 	 -0.050174
0.470031 	 0.265000 	 0.786170 	 0.106949 	 -0.051102
0.475010 	 0.267500 	 0.787372 	 0.108522 	 -0.050456
0.479016 	 0.270000 	 0.787974 	 0.109310 	 -0.051381
0.484032 	 0.272500 	 0.788879 	 0.110492 	 -0.051516
0.487971 	 0.275000 	 0.789784 	 0.111676 	 -0.051649
0.492997 	 0.277500 	 0.790994 	 0.113256 	 -0.050988
0.497995 	 0.280000 	 0.791903 	 0.114443 	 -0.051114
0.503015 	 0.282500 	 0.792813 	 0.115631 	 -0.051237
0.506995 	 0.285000 	 0.793421 	 0.116424 	 -0.052151
0.511015 	 0.287500 	 0.794638 	 0.118012 	 -0.051476
0.514979 	 0.290000 	 0.795247 	 0.118807 	 -0.052386
0.519990 	 0.292500 	 0.796162 	 0.120000 	 -0.052499
0.524027 	 0.295000 	 2.000000 	 0.121195 	 -0.053407
0.529015 	 0.297500 	 0.797997 	 0.122391 	 -0.052718
0.532966 	 0.300000 	 0.798916 	 0.123589 	 -0.052823
0.536968 	 0.302500 	 0.799837 	 0.124787 	 -0.052925
0.540966 	 0.305000 	 0.800759 	 0.125988 	 -0.053025
0.545027 	 0.307500 	 0.801374 	 0.126789 	 -0.053923
0.548965 	 0.310000 	 0.802298 	 0.127991 	 -0.054018
0.553023 	 0.312500 	 0.802915 	 0.128793 	 -0.054913
0.557016 	 0.315000 	 0.804150 	 0.130400 	 -0.054200
0.561015 	 0.317500 	 0.804459 	 0.130802 	 -0.055895
0.564969 	 0.320000 	 0.805387 	 0.132009 	 -0.055981
0.568979 	 0.322500 	 0.806316 	 0.133218 	 -0.056064
0.573015 	 0.325000 	 0.807247 	 0.134428 	 -0.056144
0.578015 	 0.327500 	 0.808179 	 0.135639 	 -0.056221
0.582963 	 0.330000 	 0.809112 	 0.136852 	 -0.056296
0.587015 	 0.332500 	 0.810358 	 0.138471 	 -0.055558
0.591961 	 0.335000 	 0.811294 	 0.139687 	 -0.056437
0.594007 	 0.337500 	 0.811918 	 0.140499 	 -0.056503
0.599008 	 0.340000 	 0.812543 	 0.141311 	 -0.057379
0.603015 	 0.342500 	 0.813169 	 0.142123 	 -0.058253
0.607015 	 0.345000 	 0.814421 	 0.143751 	 -0.057499
0.611001 	 0.347500 	 0.815048 	 0.144565 	 -0.058369
0.615960 	 0.350000 	 0.815990 	 0.145788 	 -0.058423
0.620034 	 0.352500 	 0.816932 	 0.147013 	 -0.058474
0.625013 	 0.355000 	 0.818191 	 0.148648 	 -0.057705
0.629968 	 0.357500 	 0.818821 	 0.149466 	 -0.058568
0.633961 	 0.360000 	 0.819767 	 0.150695 	 -0.058611
0.638001 	 0.362500 	 0.820713 	 0.151925 	 -0.058651
0.641961 	 0.365000 	 0.821661 	 0.153156 	 -0.058687
0.646007 	 0.367500 	 0.822294 	 0.153978 	 -0.059544
0.649958 	 0.370000 	 0.823243 	 0.155212 	 -0.059576
0.653960 	 0.372500 	 0.823877 	 0.156035 	 -0.060429
0.658959 	 0.375000 	 0.825145 	 0.157684 	 -0.059632
0.662959 	 0.377500 	 0.826098 	 0.158922 	 -0.059655
0.666013 	 0.380000 	 0.826733 	 0.159749 	 -0.060503
0.670995 	 0.382500 	 0.828005 	 0.161403 	 -0.059694
0.674994 	 0.385000 	 0.828324 	 0.161817 	 -0.061366
0.678995 	 0.387500 	 0.829279 	 0.163060 	 -0.061380
0.684958 	 0.390000 	 0.830235 	 0.164304 	 -0.061391
0.688993 	 0.392500 	 0.831512 	 0.165966 	 -0.060568
0.692016 	 0.395000 	 0.832151 	 0.166797 	 -0.061405
0.696011 	 0.397500 	 0.832790 	 0.167630 	 -0.062240
0.699992 	 0.400000 	 0.833749 	 0.168879 	 -0.062241
0.704954 	 0.402500 	 0.834389 	 0.169713 	 -0.063073
0.707957 	 0.405000 	 0.835671 	 0.171383 	 -0.063069
0.711016 	 0.407500 	 0.836312 	 0.172219 	 -0.063062
0.714009 	 0.410000 	 0.837274 	 0.173474 	 -0.063052
0.717006 	 0.412500 	 0.837916 	 0.174311 	 -0.063877
0.721987 	 0.415000 	 0.838558 	 0.175149 	 -0.064701
0.725024 	 0.417500 	 0.839522 	 0.176408 	 -0.065524
0.728008 	 0.420000 	 2.000000 	 0.177247 	 -0.066345
0.731008 	 0.422500 	 0.840487 	 0.177667 	 -0.067165
0.734020 	 0.425000 	 0.841452 	 0.178929 	 -0.067143
0.737989 	 0.427500 	 0.841774 	 0.179349 	 -0.068801
0.741007 	 0.430000 	 0.842740 	 0.180613 	 -0.068775
0.743993 	 0.432500 	 0.843062 	 0.181034 	 -0.070432
0.747994 	 0.435000 	 0.844029 	 0.182299 	 -0.070402
0.753023 	 0.437500 	 0.844996 	 0.183566 	 -0.070369
0.756023 	 0.440000 	 0.845964 	 0.184833 	 -0.070333
0.759005 	 0.442500 	 0.846287 	 0.185256 	 -0.071987
0.762008 	 0.445000 	 0.846933 	 0.186103 	 -0.072794
0.764971 	 0.447500 	 0.847579 	 0.186950 	 -0.073600
0.768952 	 0.450000 	 0.848225 	 0.187798 	 -0.074404
0.771984 	 0.452500 	 0.848872 	 0.188646 	 -0.075208
0.775994 	 0.455000 	 0.850165 	 0.190345 	 -0.074310
0.779004 	 0.457500 	 0.850489 	 0.190770 	 -0.075960
0.782007 	 0.460000 	 0.851459 	 0.192046 	 -0.075908
0.785953 	 0.462500 	 0.852107 	 0.192898 	 -0.076704
0.790014 	 0.465000 	 0.853078 	 0.194176 	 -0.076647
0.793020 	 0.467500 	 0.853726 	 0.195030 	 -0.077441
0.796005 	 0.470000 	 0.854050 	 0.195457 	 -0.079087
0.798948 	 0.472500 	 0.854698 	 0.196311 	 -0.079879
0.802987 	 0.475000 	 0.855346 	 0.197166 	 -0.080669
0.805949 	 0.477500 	 0.855995 	 0.198021 	 -0.081458
0.808949 	 0.480000 	 0.856319 	 0.198449 	 -0.083102
0.811973 	 0.482500 	 0.857616 	 0.200163 	 -0.082175
0.815983 	 0.485000 	 0.858265 	 0.201021 	 -0.082959
0.819990 	 0.487500 	 0.858914 	 0.201879 	 -0.083742
0.823990 	 0.490000 	 0.859887 	 0.203168 	 -0.083664
0.828003 	 0.492500 	 0.860536 	 0.204028 	 -0.084444
0.831993 	 0.495000 	 0.861510 	 0.205319 	 -0.084362
0.834948 	 0.497500 	 0.861834 	 0.205750 	 -0.086000
0.838012 	 0.500000 	 0.862159 	 0.206181 	 -0.087638
0.841018 	 0.502500 	 0.863133 	 0.207475 	 -0.087551
0.844001 	 0.505000 	 0.863458 	 0.207906 	 -0.089188
0.848000 	 0.507500 	 0.864432 	 0.209202 	 -0.089096
0.850988 	 0.510000 	 0.864756 	 0.209634 	 -0.090732
0.854000 	 0.512500 	 0.865730 	 0.210932 	 -0.090637
0.856988 	 0.515000 	 0.866380 	 0.211797 	 -0.091405
0.860947 	 0.517500 	 0.867029 	 0.212664 	 -0.092172
0.864950 	 0.520000 	 0.868003 	 0.213965 	 -0.092070
0.868972 	 0.522500 	 0.868653 	 0.214833 	 -0.092834
0.871998 	 0.525000 	 0.869302 	 0.215702 	 -0.093596
0.874998 	 0.527500 	 0.869951 	 0.216572 	 -0.094357
0.877998 	 0.530000 	 0.870600 	 0.217442 	 -0.095117
0.881991 	 0.532500 	 0.871250 	 0.218312 	 -0.095875
0.885977 	 0.535000 	 0.872223 	 0.219620 	 -0.095761
0.888987 	 0.537500 	 0.872872 	 0.220492 	 -0.096516
0.891994 	 0.540000 	 0.873845 	 0.221802 	 -0.096396
0.894975 	 0.542500 	 0.874170 	 0.222239 	 -0.098022
0.898004 	 0.545000 	 0.874818 	 0.223113 	 -0.098774
0.901001 	 0.547500 	 0.875467 	 0.223988 	 -0.099524
0.904014 	 0.550000 	 0.876115 	 0.224864 	 -0.100272
0.906997 	 0.552500 	 0.877087 	 0.226178 	 -0.100143
0.910996 	 0.555000 	 0.877411 	 0.226617 	 -0.101766
0.913982 	 0.557500 	 0.878059 	 0.227495 	 -0.102511
0.917983 	 0.560000 	 0.879031 	 0.228812 	 -0.102376
0.920966 	 0.562500 	 0.879678 	 0.229691 	 -0.103117
0.924996 	 0.565000 	 0.880325 	 0.230571 	 -0.103858
0.927997 	 0.567500 	 0.881296 	 0.231892 	 -0.104597
0.930984 	 0.570000 	 0.881619 	 0.232333 	 -0.105334
0.934974 	 0.572500 	 0.882589 	 0.233656 	 -0.105189
0.937940 	 0.575000 	 0.882912 	 0.234097 	 -0.106806
0.940956 	 0.577500 	 0.883235 	 0.234538 	 -0.108423
0.944994 	 0.580000 	 0.884527 	 0.236306 	 -0.107388
0.947993 	 0.582500 	 0.884850 	 0.236748 	 -0.109004
0.951011 	 0.585000 	 0.885817 	 0.238076 	 -0.109734
0.953975 	 0.587500 	 0.886140 	 0.238519 	 -0.110462
0.958010 	 0.590000 	 0.886462 	 0.238962 	 -0.112076
0.960983 	 0.592500 	 0.887107 	 0.239849 	 -0.112803
0.963993 	 0.595000 	 0.887429 	 0.240292 	 -0.114416
0.966994 	 0.597500 	 0.888395 	 0.241624 	 -0.114253
0.969980 	 0.600000 	 0.888717 	 0.242068 	 -0.115864
0.972980 	 0.602500 	 0.889681 	 0.243401 	 -0.115697
0.975992 	 0.605000 	 0.890003 	 0.243846 	 -0.117307
0.978994 	 0.607500 	 0.890967 	 0.245182 	 -0.117136
0.981993 	 0.610000 	 0.891609 	 0.246073 	 -0.117854
0.984992 	 0.612500 	 0.891929 	 0.246519 	 -0.119463
0.987991 	 0.615000 	 0.892571 	 0.247411 	 -0.120178
0.990992 	 0.617500 	 0.893212 	 0.248304 	 -0.120893
0.993982 	 0.620000 	 0.893852 	 0.249197 	 -0.121606
0.997990 	 0.622500 	 0.894492 	 0.250091 	 -0.122318
1.000936 	 0.625000 	 0.895132 	 0.250986 	 -0.123029
1.004937 	 0.627500 	 0.896090 	 0.252329 	 -0.122842
1.008984 	 0.630000 	 0.896729 	 0.253225 	 -0.123550
1.011982 	 0.632500 	 0.897367 	 0.254122 	 -0.124256
1.015940 	 0.635000 	 0.898641 	 0.255918 	 -0.123165
1.018936 	 0.637500 	 0.898959 	 0.256367 	 -0.124766
1.022946 	 0.640000 	 0.899595 	 0.257266 	 -0.125468
1.025940 	 0.642500 	 0.900548 	 0.258616 	 -0.125268
1.028939 	 0.645000 	 0.900866 	 0.259066 	 -0.126868
1.031937 	 0.647500 	 0.901183 	 0.259517 	 -0.128467
1.034981 	 0.650000 	 0.901817 	 0.260418 	 -0.129164
1.038981 	 0.652500 	 0.902450 	 0.261320 	 -0.129860
1.041980 	 0.655000 	 0.903083 	 0.262223 	 -0.130555
1.044982 	 0.657500 	 0.904031 	 0.263578 	 -0.130345
1.048933 	 0.660000 	 0.904662 	 0.264482 	 -0.131036
1.052982 	 0.662500 	 0.905293 	 0.265387 	 -0.131727
1.056013 	 0.665000 	 0.906238 	 0.266745 	 -0.131510
1.059004 	 0.667500 	 0.906866 	 0.267651 	 -0.132197
1.060986 	 0.670000 	 0.906866 	 0.267651 	 -0.132197
1.063986 	 0.672500 	 0.907495 	 0.268558 	 -0.135383
1.066976 	 0.675000 	 0.908122 	 0.269466 	 -0.136068
1.069977 	 0.677500 	 0.908435 	 0.269920 	 -0.137660
1.073976 	 0.680000 	 0.909375 	 0.271283 	 -0.137433
1.077935 	 0.682500 	 0.910624 	 0.273103 	 -0.136294
1.080985 	 0.685000 	 0.910936 	 0.273558 	 -0.137883
1.083981 	 0.687500 	 0.911559 	 0.274469 	 -0.138561
1.086937 	 0.690000 	 0.912182 	 0.275381 	 -0.139238
1.090932 	 0.692500 	 0.912803 	 0.276293 	 -0.139913
1.093930 	 0.695000 	 0.913424 	 0.277206 	 -0.140587
1.096934 	 0.697500 	 0.913734 	 0.277663 	 -0.142174
1.099933 	 0.700000 	 0.914044 	 0.278120 	 -0.143760
1.103955 	 0.702500 	 0.914663 	 0.279492 	 -0.144432
1.106974 	 0.705000 	 0.915589 	 0.280407 	 -0.144187
1.110942 	 0.707500 	 0.916206 	 0.281322 	 -0.144855
1.114929 	 0.710000 	 0.916822 	 0.282239 	 -0.145523
1.117931 	 0.712500 	 0.917129 	 0.282697 	 -0.147106
1.120946 	 0.715000 	 0.917744 	 0.283614 	 -0.147771
1.124956 	 0.717500 	 0.918664 	 0.284992 	 -0.147517
1.127982 	 0.720000 	 0.918970 	 0.285451 	 -0.149098
1.131927 	 0.722500 	 0.919581 	 0.286370 	 -0.149760
1.135928 	 0.725000 	 0.920496 	 0.287750 	 -0.149500
1.138984 	 0.727500 	 0.921409 	 0.289131 	 -0.149238
1.141927 	 0.730000 	 0.921713 	 0.289592 	 -0.150817
1.145928 	 0.732500 	 0.922320 	 0.290514 	 -0.151473
1.149928 	 0.735000 	 0.923228 	 0.291897 	 -0.151205
1.152938 	 0.737500 	 0.923832 	 0.292821 	 -0.151858
1.155957 	 0.740000 	 0.924134 	 0.293283 	 -0.153434
1.158981 	 0.742500 	 0.924736 	 0.294207 	 -0.154086
1.161980 	 0.745000 	 0.925338 	 0.295132 	 -0.154736
1.164927 	 0.747500 	 0.925938 	 0.296057 	 -0.155385
1.168963 	 0.750000 	 0.926836 	 0.297447 	 -0.155106
1.171932 	 0.752500 	 0.927134 	 0.297910 	 -0.156680
1.174926 	 0.755000 	 0.927731 	 0.298838 	 -0.157325
1.178926 	 0.757500 	 0.928624 	 0.299765 	 -0.157969
1.181926 	 0.760000 	 0.928921 	 0.300694 	 -0.158612
1.184930 	 0.762500 	 0.929513 	 0.301623 	 -0.159254
1.187927 	 0.765000 	 0.930400 	 0.303018 	 -0.158965
1.190963 	 0.767500 	 0.930990 	 0.303948 	 -0.159604
1.193931 	 0.770000 	 0.931284 	 0.304414 	 -0.161173
1.197931 	 0.772500 	 0.931578 	 0.304879 	 -0.162741
1.200925 	 0.775000 	 0.931872 	 0.305345 	 -0.161810
1.204929 	 0.777500 	 0.932459 	 0.306277 	 -0.164946
1.208925 	 0.780000 	 0.933336 	 0.307676 	 -0.164647
1.212925 	 0.782500 	 0.933919 	 0.308610 	 -0.165281
1.216923 	 0.785000 	 0.934210 	 0.309077 	 -0.166847
1.219959 	 0.787500 	 0.934790 	 0.310011 	 -0.167478
1.222924 	 0.790000 	 0.935370 	 0.310946 	 -0.168108
1.226925 	 0.792500 	 0.936525 	 0.312818 	 -0.166865
1.229925 	 0.795000 	 0.936812 	 0.313286 	 -0.168428
1.232924 	 0.797500 	 0.937100 	 0.313754 	 -0.169991
1.235962 	 0.800000 	 0.937673 	 0.314692 	 -0.170617
1.238925 	 0.802500 	 0.938246 	 0.315629 	 -0.171241
1.241923 	 0.805000 	 0.938531 	 0.316098 	 -0.172803
1.244923 	 0.807500 	 0.939101 	 0.317037 	 -0.173426
1.247922 	 0.810000 	 0.939669 	 0.317976 	 -0.174047
1.250922 	 0.812500 	 0.940236 	 0.318916 	 -0.174668
1.253923 	 0.815000 	 0.940801 	 0.319857 	 -0.175287
1.262922 	 0.817500 	 0.941365 	 0.320797 	 -0.175905
1.265922 	 0.820000 	 0.941646 	 0.321268 	 -0.177464
1.268925 	 0.822500 	 0.942207 	 0.322210 	 -0.178080
1.271921 	 0.825000 	 0.942487 	 0.322681 	 -0.179638
1.275956 	 0.827500 	 0.943325 	 0.324095 	 -0.179310
1.278918 	 0.830000 	 0.944159 	 0.325511 	 -0.178979
1.281918 	 0.832500 	 0.944712 	 0.326455 	 -0.179590
1.285919 	 0.835000 	 0.945264 	 0.327400 	 -0.180200
1.288919 	 0.837500 	 0.945815 	 0.328345 	 -0.180810
1.291921 	 0.840000 	 0.946363 	 0.329291 	 -0.181418
1.295921 	 0.842500 	 0.946910 	 0.330238 	 -0.182025
1.299919 	 0.845000 	 0.947455 	 0.331185 	 -0.182631
1.303921 	 0.847500 	 0.947998 	 0.332132 	 -0.183235
1.306920 	 0.850000 	 0.948809 	 0.333555 	 -0.182891
1.309920 	 0.852500 	 0.949079 	 0.334029 	 -0.184442
1.312920 	 0.855000 	 0.949884 	 0.335453 	 -0.184094
1.315945 	 0.857500 	 0.950152 	 0.335928 	 -0.185644
1.318917 	 0.860000 	 0.950686 	 0.336878 	 -0.186243
1.321921 	 0.862500 	 0.951218 	 0.337829 	 -0.186842
1.324917 	 0.865000 	 0.951483 	 0.338305 	 -0.188391
1.328919 	 0.867500 	 0.952012 	 0.339256 	 -0.188987
1.331916 	 0.870000 	 0.952539 	 0.340209 	 -0.189583
1.335916 	 0.872500 	 0.953326 	 0.341638 	 -0.189225
1.339941 	 0.875000 	 0.954109 	 0.343068 	 -0.188864
1.343916 	 0.877500 	 0.954887 	 0.344500 	 -0.188501
1.346914 	 0.880000 	 0.955145 	 0.344977 	 -0.190046
1.350921 	 0.882500 	 0.955660 	 0.345932 	 -0.190635
1.353915 	 0.885000 	 0.956429 	 0.347366 	 -0.190268
1.356960 	 0.887500 	 0.956938 	 0.348323 	 -0.190854
1.359913 	 0.890000 	 0.957446 	 0.349280 	 -0.191440
1.363913 	 0.892500 	 0.957951 	 0.350237 	 -0.192025
1.367914 	 0.895000 	 0.958706 	 0.351675 	 -0.191651
1.371953 	 0.897500 	 0.959206 	 0.352634 	 -0.192233
1.374914 	 0.900000 	 0.959455 	 0.353113 	 -0.193774
1.378950 	 0.902500 	 2.000000 	 0.353593 	 -0.195314
1.381915 	 0.905000 	 0.960446 	 0.355033 	 -0.194934
1.384913 	 0.907500 	 0.960938 	 0.355993 	 -0.195513
1.387914 	 0.910000 	 0.961184 	 0.356474 	 -0.197052
1.399911 	 0.912500 	 0.961672 	 0.357435 	 -0.197630
1.402927 	 0.915000 	 0.962643 	 0.359359 	 -0.196282
1.405950 	 0.917500 	 0.963125 	 0.360322 	 -0.196856
1.408947 	 0.920000 	 0.963604 	 0.361285 	 -0.197429
1.411923 	 0.922500 	 0.964082 	 0.362249 	 -0.198002
1.415910 	 0.925000 	 0.964319 	 0.362731 	 -0.199538
1.419950 	 0.927500 	 0.965264 	 0.364660 	 -0.199144
1.422948 	 0.930000 	 0.965733 	 0.365626 	 -0.198749
1.425912 	 0.932500 	 0.965966 	 0.366109 	 -0.200283
1.428910 	 0.935000 	 0.966199 	 0.366592 	 -0.201817
1.435909 	 0.937500 	 0.966663 	 0.367558 	 -0.202384
1.438913 	 0.940000 	 0.966894 	 0.368041 	 -0.203918
1.441908 	 0.942500 	 0.967354 	 0.369008 	 -0.204483
1.444909 	 0.945000 	 0.967583 	 0.369492 	 -0.206016
1.447909 	 0.947500 	 0.968266 	 0.370944 	 -0.205613
1.450909 	 0.950000 	 0.968718 	 0.371912 	 -0.206176
1.453910 	 0.952500 	 0.969168 	 0.372881 	 -0.206738
1.456908 	 0.955000 	 0.969392 	 0.373365 	 -0.208269
1.459908 	 0.957500 	 0.969838 	 0.374335 	 -0.208830
1.462908 	 0.960000 	 0.970502 	 0.375790 	 -0.208420
1.465907 	 0.962500 	 0.970942 	 0.376761 	 -0.208979
1.468911 	 0.965000 	 0.971160 	 0.377246 	 -0.210508
1.471909 	 0.967500 	 0.971812 	 0.378703 	 -0.210094
1.475909 	 0.970000 	 0.972458 	 0.380161 	 -0.209678
1.478908 	 0.972500 	 0.972672 	 0.380647 	 -0.211205
1.481907 	 0.975000 	 0.973098 	 0.381620 	 -0.211760
1.484905 	 0.977500 	 0.973521 	 0.382593 	 -0.212313
1.487906 	 0.980000 	 2.000000 	 0.384054 	 -0.212866
1.491907 	 0.982500 	 0.974567 	 0.385028 	 -0.212443
1.494906 	 0.985000 	 0.974981 	 0.386003 	 -0.212994
1.498906 	 0.987500 	 0.975595 	 0.387466 	 -0.212569
1.501905 	 0.990000 	 0.975799 	 0.387954 	 -0.214093
1.504905 	 0.992500 	 0.976204 	 0.388929 	 -0.214641
1.507906 	 0.995000 	 0.976806 	 0.390394 	 -0.214212
1.510907 	 0.997500 	 0.977203 	 0.391371 	 -0.214758
1.513905 	 1.000000 	 0.977794 	 0.392837 	 -0.214326
1.517905 	 1.002500 	 0.977990 	 0.393326 	 -0.215848
1.520906 	 1.005000 	 0.978379 	 0.394304 	 -0.216392
1.523906 	 1.007500 	 0.978956 	 0.395772 	 -0.215956
1.526932 	 1.010000 	 0.979147 	 0.396261 	 -0.217477
1.529937 	 1.012500 	 0.979527 	 0.397241 	 -0.218019
1.533903 	 1.015000 	 0.979904 	 0.398220 	 -0.218560
1.536902 	 1.017500 	 0.980278 	 0.399200 	 -0.219100
1.539902 	 1.020000 	 0.980649 	 0.400181 	 -0.219639
1.542903 	 1.022500 	 0.981199 	 0.401161 	 -0.219196
1.546932 	 1.025000 	 0.981743 	 0.403124 	 -0.218752
1.550903 	 1.027500 	 0.981922 	 0.403615 	 -0.220270
1.553934 	 1.030000 	 0.982279 	 0.404597 	 -0.220806
1.557962 	 1.032500 	 2.000000 	 0.405579 	 -0.221342
1.560927 	 1.035000 	 0.982983 	 0.406562 	 -0.221876
1.564943 	 1.037500 	 0.983330 	 0.407545 	 -0.222410
1.567900 	 1.040000 	 0.983675 	 0.408528 	 -0.222943
1.571926 	 1.042500 	 0.984015 	 0.409512 	 -0.223476
1.574929 	 1.045000 	 0.984688 	 0.411481 	 -0.223023
1.577931 	 1.047500 	 0.984854 	 0.411973 	 -0.223554
1.580927 	 1.050000 	 0.985183 	 0.412958 	 -0.224084
1.583901 	 1.052500 	 0.985672 	 0.414436 	 -0.223628
1.586929 	 1.055000 	 0.985993 	 0.415422 	 -0.224157
1.589926 	 1.057500 	 0.986311 	 0.416408 	 -0.224684
1.592901 	 1.060000 	 0.986469 	 0.416901 	 -0.226198
1.595898 	 1.062500 	 0.986782 	 0.417888 	 -0.226725
1.598938 	 1.065000 	 0.987092 	 0.418874 	 -0.227251
1.601908 	 1.067500 	 0.987398 	 0.419862 	 -0.227777
1.604899 	 1.070000 	 2.000000 	 0.420355 	 -0.229290
1.608928 	 1.072500 	 0.988001 	 0.421837 	 -0.228826
1.611927 	 1.075000 	 0.988297 	 0.422825 	 -0.229350
1.614937 	 1.077500 	 0.988589 	 0.423813 	 -0.229874
1.618924 	 1.080000 	 0.988879 	 0.424802 	 -0.230396
1.621932 	 1.082500 	 0.989165 	 0.425791 	 -0.230918
1.624923 	 1.085000 	 0.989447 	 0.426780 	 -0.231440
1.628937 	 1.087500 	 0.989726 	 0.427770 	 -0.231961
1.631952 	 1.090000 	 0.990273 	 0.429749 	 -0.230501
1.634897 	 1.092500 	 0.990542 	 0.430740 	 -0.231020
1.637925 	 1.095000 	 0.990807 	 0.431730 	 -0.231539
1.640940 	 1.097500 	 0.991068 	 0.432721 	 -0.232057
1.643948 	 1.100000 	 0.991198 	 0.433217 	 -0.233566
1.646937 	 1.102500 	 0.991454 	 0.434208 	 -0.234084
1.649937 	 1.105000 	 0.991831 	 0.435695 	 -0.233609
1.652896 	 1.107500 	 0.991955 	 0.436191 	 -0.235117
1.656929 	 1.110000 	 0.992200 	 0.437183 	 -0.235633
1.659945 	 1.112500 	 0.992562 	 0.438672 	 -0.235156
1.663936 	 1.115000 	 0.992798 	 0.439664 	 -0.235671
1.666896 	 1.117500 	 0.992915 	 0.440161 	 -0.237178
1.669953 	 1.120000 	 0.993145 	 0.441154 	 -0.237692
1.672956 	 1.122500 	 0.993259 	 0.441650 	 -0.239199
1.675937 	 1.125000 	 0.993485 	 0.442644 	 -0.239713
1.678935 	 1.127500 	 0.993706 	 0.443637 	 -0.240225
1.681948 	 1.130000 	 0.993924 	 0.444631 	 -0.240738
1.684935 	 1.132500 	 0.994244 	 0.445625 	 -0.240256
1.687927 	 1.135000 	 0.994453 	 0.447116 	 -0.241762
1.690935 	 1.137500 	 0.994556 	 0.447614 	 -0.242273
1.694935 	 1.140000 	 0.994859 	 0.449106 	 -0.241789
1.697893 	 1.142500 	 0.995057 	 0.450101 	 -0.242299
1.700894 	 1.145000 	 0.995251 	 0.451096 	 -0.242809
1.703920 	 1.147500 	 0.995441 	 0.452091 	 -0.243318
1.706951 	 1.150000 	 0.995627 	 0.453086 	 -0.243827
1.709935 	 1.152500 	 0.995810 	 0.454082 	 -0.244336
1.712935 	 1.155000 	 0.995988 	 0.455078 	 -0.244844
1.715929 	 1.157500 	 0.996076 	 0.455576 	 -0.246348
1.718890 	 1.160000 	 0.996249 	 0.456572 	 -0.246856
1.721919 	 1.162500 	 0.996502 	 0.458067 	 -0.246367
1.725935 	 1.165000 	 0.996745 	 0.459561 	 -0.245877
1.729935 	 1.167500 	 0.996825 	 0.460060 	 -0.247380
1.733891 	 1.170000 	 0.997133 	 0.462054 	 -0.245893
1.736952 	 1.172500 	 0.997207 	 0.462552 	 -0.247396
1.739962 	 1.175000 	 0.997425 	 0.464048 	 -0.247901
1.742931 	 1.177500 	 0.997496 	 0.464547 	 -0.248406
1.745930 	 1.180000 	 0.997565 	 0.465046 	 -0.249909
1.748946 	 1.182500 	 0.997702 	 0.466043 	 -0.250414
1.751888 	 1.185000 	 0.997834 	 0.467041 	 -0.250918
1.754918 	 1.187500 	 0.997899 	 0.467540 	 -0.252420
1.757919 	 1.190000 	 0.998026 	 0.468538 	 -0.252924
1.760946 	 1.192500 	 0.998149 	 0.469536 	 -0.253428
1.763915 	 1.195000 	 0.998268 	 0.470534 	 -0.253932
1.766946 	 1.197500 	 0.998383 	 0.471532 	 -0.254435
1.769950 	 1.200000 	 0.998548 	 0.473030 	 -0.253940
1.772951 	 1.202500 	 0.998602 	 0.473529 	 -0.255441
1.775930 	 1.205000 	 0.998705 	 0.474528 	 -0.255944
1.778931 	 1.207500 	 0.998852 	 0.476026 	 -0.255448
1.781944 	 1.210000 	 0.998900 	 0.476525 	 -0.256949
1.784888 	 1.212500 	 0.999035 	 0.478024 	 -0.256452
1.786919 	 1.215000 	 0.999035 	 0.478024 	 -0.256452
1.790916 	 1.217500 	 0.999121 	 0.479023 	 -0.259454
1.793914 	 1.220000 	 0.999203 	 0.480022 	 -0.259956
1.797949 	 1.222500 	 0.999318 	 0.481521 	 -0.259458
1.800886 	 1.225000 	 0.999354 	 0.482021 	 -0.260959
1.804946 	 1.227500 	 0.999424 	 0.483020 	 -0.261460
1.807928 	 1.230000 	 0.999457 	 0.483520 	 -0.262961
1.810928 	 1.232500 	 0.999521 	 0.484519 	 -0.263462
1.814897 	 1.235000 	 0.999581 	 0.485519 	 -0.263963
1.817926 	 1.237500 	 0.999663 	 0.487018 	 -0.263464
1.820885 	 1.240000 	 0.999689 	 0.487518 	 -0.264964
1.823946 	 1.242500 	 0.999780 	 0.489517 	 -0.263465
1.826927 	 1.245000 	 0.999801 	 0.490017 	 -0.264965
1.829927 	 1.247500 	 0.999839 	 0.491017 	 -0.265466
1.833885 	 1.250000 	 0.999888 	 0.492517 	 -0.264966
1.836943 	 1.252500 	 0.999916 	 0.493017 	 -0.266466
1.839945 	 1.255000 	 0.999940 	 0.494517 	 -0.265967
1.842943 	 1.257500 	 0.999950 	 0.495017 	 -0.267467
1.845927 	 1.260000 	 0.999968 	 0.496017 	 -0.267967
1.849891 	 1.262500 	 0.999992 	 0.498017 	 -0.266467
1.853912 	 1.265000 	 0.999996 	 0.498517 	 -0.267967
1.857884 	 1.267500 	 1.000000 	 0.500017 	 -0.267467
1.860884 	 1.270000 	 0.999998 	 0.501017 	 -0.267967
1.863884 	 1.272500 	 0.999995 	 0.501517 	 -0.269467
1.867882 	 1.275000 	 0.999987 	 0.502517 	 -0.269967
1.870909 	 1.277500 	 0.999975 	 0.503517 	 -0.270467
1.873946 	 1.280000 	 0.999939 	 0.505516 	 -0.268967
1.876943 	 1.282500 	 0.999928 	 0.506016 	 -0.270467
1.879924 	 1.285000 	 0.999887 	 0.507516 	 -0.269967
1.882939 	 1.287500 	 0.999855 	 0.508516 	 -0.270468
1.885888 	 1.290000 	 0.999837 	 0.509016 	 -0.271968
1.889941 	 1.292500 	 0.999779 	 0.510516 	 -0.271468
1.892937 	 1.295000 	 0.999735 	 0.511516 	 -0.271969
1.895923 	 1.297500 	 0.999687 	 0.512515 	 -0.272469
1.898938 	 1.300000 	 0.999661 	 0.513015 	 -0.273970
1.901880 	 1.302500 	 0.999607 	 0.514015 	 -0.274470
1.904882 	 1.305000 	 0.999579 	 0.514515 	 -0.275971
1.907940 	 1.307500 	 0.999455 	 0.516514 	 -0.274473
1.910924 	 1.310000 	 0.999422 	 0.517013 	 -0.275973
1.913878 	 1.312500 	 0.999352 	 0.518013 	 -0.276474
1.917881 	 1.315000 	 0.999278 	 0.519012 	 -0.276976
1.921955 	 1.317500 	 0.999200 	 0.520011 	 -0.277477
1.924920 	 1.320000 	 2.000000 	 0.521011 	 -0.277979
1.927919 	 1.322500 	 0.999033 	 0.522010 	 -0.278481
1.930920 	 1.325000 	 0.998849 	 0.524008 	 -0.276985
1.933883 	 1.327500 	 0.998801 	 0.524507 	 -0.278486
1.936878 	 1.330000 	 0.998650 	 0.526005 	 -0.277990
1.940936 	 1.332500 	 0.998545 	 0.527004 	 -0.278492
1.943920 	 1.335000 	 0.998379 	 0.528502 	 -0.277997
1.946905 	 1.337500 	 0.998322 	 0.529001 	 -0.279499
1.949878 	 1.340000 	 0.998205 	 0.529999 	 -0.280002
1.953902 	 1.342500 	 0.998022 	 0.531496 	 -0.279508
1.956938 	 1.345000 	 0.997959 	 0.531995 	 -0.281010
1.959937 	 1.347500 	 0.997830 	 0.532993 	 -0.281514
1.962919 	 1.350000 	 0.997697 	 0.533991 	 -0.282018
1.965908 	 1.352500 	 0.997561 	 0.534989 	 -0.282523
1.968925 	 1.355000 	 0.997420 	 0.535986 	 -0.283028
1.971875 	 1.357500 	 0.997276 	 0.536984 	 -0.283533
1.975881 	 1.360000 	 0.997052 	 0.538479 	 -0.283041
1.979929 	 1.362500 	 0.996898 	 0.539476 	 -0.283547
1.982876 	 1.365000 	 0.996659 	 0.540972 	 -0.283057
1.986912 	 1.367500 	 0.996496 	 0.541968 	 -0.283564
1.989912 	 1.370000 	 0.996413 	 0.542466 	 -0.285067
1.993913 	 1.372500 	 0.996157 	 0.543961 	 -0.284578
1.997874 	 1.375000 	 0.996070 	 0.544459 	 -0.286082
2.001912 	 1.377500 	 0.995803 	 0.545953 	 -0.285594
2.004888 	 1.380000 	 0.995712 	 0.546451 	 -0.287098
2.007873 	 1.382500 	 0.995434 	 0.547944 	 -0.286611
2.010909 	 1.385000 	 0.995340 	 0.548442 	 -0.288116
2.013911 	 1.387500 	 0.995050 	 0.549935 	 -0.288625
2.015872 	 1.390000 	 0.994952 	 0.550432 	 -0.289135
2.019913 	 1.392500 	 0.994651 	 0.551925 	 -0.288651
2.022910 	 1.395000 	 0.994549 	 0.552422 	 -0.290156
2.025876 	 1.397500 	 0.994446 	 0.552919 	 -0.291661
2.029910 	 1.400000 	 0.994131 	 0.554411 	 -0.291178
2.032871 	 1.402500 	 0.993917 	 0.555405 	 -0.291690
2.035909 	 1.405000 	 0.993808 	 0.555902 	 -0.293196
2.038872 	 1.407500 	 0.993588 	 0.556896 	 -0.293709
2.041908 	 1.410000 	 0.993477 	 0.557392 	 -0.295215
2.045910 	 1.412500 	 0.993022 	 0.559379 	 -0.293742
2.048870 	 1.415000 	 0.992906 	 0.559876 	 -0.295249
2.052907 	 1.417500 	 0.992433 	 0.561861 	 -0.293778
2.056908 	 1.420000 	 0.992313 	 0.562357 	 -0.295286
2.059912 	 1.422500 	 0.992069 	 0.563349 	 -0.295801
2.062907 	 1.425000 	 0.991822 	 0.564341 	 -0.296317
2.065907 	 1.427500 	 0.991697 	 0.564837 	 -0.297825
2.068870 	 1.430000 	 0.991444 	 0.565829 	 -0.298342
2.071906 	 1.432500 	 0.990928 	 0.567812 	 -0.296877
2.074908 	 1.435000 	 0.990665 	 0.568802 	 -0.297395
2.077875 	 1.437500 	 0.990398 	 0.569793 	 -0.297914
2.080909 	 1.440000 	 0.990263 	 0.570288 	 -0.299424
2.083868 	 1.442500 	 0.989991 	 0.571278 	 -0.299943
2.087906 	 1.445000 	 0.989715 	 0.572268 	 -0.300463
2.090868 	 1.447500 	 0.989436 	 0.573258 	 -0.300984
2.093869 	 1.450000 	 0.989295 	 0.573753 	 -0.302495
2.096867 	 1.452500 	 0.989011 	 0.574742 	 -0.303016
2.100869 	 1.455000 	 0.988432 	 0.576719 	 -0.301561
2.114869 	 1.457500 	 0.988137 	 0.577214 	 -0.302084
2.117906 	 1.460000 	 0.987989 	 0.578202 	 -0.303596
2.120902 	 1.462500 	 0.987689 	 0.579190 	 -0.304120
2.123905 	 1.465000 	 0.987538 	 0.579684 	 -0.305633
2.127903 	 1.467500 	 0.987079 	 0.581165 	 -0.305171
2.130866 	 1.470000 	 0.986925 	 0.581658 	 -0.306683
2.133905 	 1.472500 	 0.986456 	 0.583138 	 -0.306223
2.136905 	 1.475000 	 0.986298 	 0.583632 	 -0.307737
2.139895 	 1.477500 	 0.985980 	 0.584618 	 -0.308264
2.143902 	 1.480000 	 0.985659 	 0.585604 	 -0.308792
2.147901 	 1.482500 	 0.985170 	 0.587082 	 -0.308336
2.150904 	 1.485000 	 0.984674 	 0.588560 	 -0.307881
2.153903 	 1.487500 	 0.984507 	 0.589052 	 -0.309396
2.156902 	 1.490000 	 0.984339 	 0.589544 	 -0.310912
2.159863 	 1.492500 	 0.984002 	 0.590528 	 -0.311443
2.162900 	 1.495000 	 0.983660 	 0.591512 	 -0.311975
2.165902 	 1.497500 	 0.983143 	 0.592988 	 -0.311525
2.168866 	 1.500000 	 0.982794 	 0.593971 	 -0.312059
2.172899 	 1.502500 	 0.982441 	 0.594953 	 -0.312593
2.175901 	 1.505000 	 0.982086 	 0.595936 	 -0.313129
2.178899 	 1.507500 	 0.981727 	 0.596918 	 -0.313665
2.182863 	 1.510000 	 0.981366 	 0.597899 	 -0.314201
2.186901 	 1.512500 	 0.980817 	 0.599371 	 -0.313758
2.189864 	 1.515000 	 0.980262 	 0.600842 	 -0.313316
2.192862 	 1.517500 	 0.980075 	 0.601332 	 -0.314836
2.195900 	 1.520000 	 0.979511 	 0.602802 	 -0.314396
2.198860 	 1.522500 	 0.979321 	 0.603292 	 -0.315917
2.202862 	 1.525000 	 0.978748 	 0.604760 	 -0.315479
2.205862 	 1.527500 	 0.978168 	 0.606228 	 -0.315044
2.208862 	 1.530000 	 0.977973 	 0.606717 	 -0.316565
2.211899 	 1.532500 	 0.977581 	 0.607695 	 -0.317110
2.215898 	 1.535000 	 0.977186 	 0.608673 	 -0.317655
2.218903 	 1.537500 	 0.976788 	 0.609650 	 -0.318200
2.221898 	 1.540000 	 0.976387 	 0.610626 	 -0.318747
2.224896 	 1.542500 	 0.976186 	 0.611115 	 -0.320271
2.227897 	 1.545000 	 0.975983 	 0.611603 	 -0.321795
2.230899 	 1.547500 	 0.975577 	 0.612579 	 -0.322343
2.233862 	 1.550000 	 0.975168 	 0.613554 	 -0.322892
2.236896 	 1.552500 	 0.974548 	 0.615017 	 -0.322467
2.239898 	 1.555000 	 0.974340 	 0.615504 	 -0.323992
2.242897 	 1.557500 	 0.973922 	 0.616478 	 -0.324544
2.245894 	 1.560000 	 0.973502 	 0.617452 	 -0.325096
2.248858 	 1.562500 	 0.973078 	 0.618425 	 -0.325649
2.251896 	 1.565000 	 0.972438 	 0.619885 	 -0.325231
2.255858 	 1.567500 	 0.971792 	 0.621343 	 -0.324814
2.259897 	 1.570000 	 0.971139 	 0.622800 	 -0.324399
2.262895 	 1.572500 	 0.970701 	 0.623771 	 -0.325928
2.264856 	 1.575000 	 0.970481 	 0.624257 	 -0.326487
2.267859 	 1.577500 	 0.969817 	 0.625712 	 -0.326076
2.270858 	 1.580000 	 0.969594 	 0.626197 	 -0.327606
2.273895 	 1.582500 	 0.968922 	 0.627651 	 -0.327198
2.276895 	 1.585000 	 0.968470 	 0.628620 	 -0.327760
2.279894 	 1.587500 	 0.968244 	 0.629588 	 -0.329292
2.282893 	 1.590000 	 0.967788 	 0.630072 	 -0.329856
2.286893 	 1.592500 	 0.967331 	 0.631040 	 -0.330420
2.289894 	 1.595000 	 0.966639 	 0.632490 	 -0.330019
2.293857 	 1.597500 	 0.966175 	 0.633457 	 -0.330586
2.296855 	 1.600000 	 0.965709 	 0.634423 	 -0.332120
2.298855 	 1.602500 	 0.965475 	 0.634906 	 -0.332688
2.301856 	 1.605000 	 0.965005 	 0.635871 	 -0.333257
2.304895 	 1.607500 	 0.964057 	 0.637801 	 -0.331899
2.307894 	 1.610000 	 0.963580 	 0.638765 	 -0.332471
2.310894 	 1.612500 	 0.963100 	 0.639728 	 -0.333044
2.313893 	 1.615000 	 0.962618 	 0.640691 	 -0.333618
2.316855 	 1.617500 	 0.962133 	 0.641653 	 -0.334193
2.319891 	 1.620000 	 0.961890 	 0.642135 	 -0.335731
2.322893 	 1.622500 	 0.961402 	 0.643096 	 -0.336307
2.325892 	 1.625000 	 0.960912 	 0.644058 	 -0.336885
2.328889 	 1.627500 	 0.960420 	 0.645018 	 -0.337463
2.331855 	 1.630000 	 0.960173 	 0.645499 	 -0.339003
2.335891 	 1.632500 	 0.959428 	 0.646938 	 -0.338623
2.338889 	 1.635000 	 0.959179 	 0.647418 	 -0.340164
2.341892 	 1.637500 	 0.958929 	 0.647898 	 -0.341704
2.345891 	 1.640000 	 0.958176 	 0.649336 	 -0.341328
2.348853 	 1.642500 	 0.957924 	 0.649815 	 -0.342870
2.351891 	 1.645000 	 0.957418 	 0.650773 	 -0.343455
2.354891 	 1.647500 	 0.956910 	 0.651730 	 -0.344040
2.357889 	 1.650000 	 0.956655 	 0.652208 	 -0.345583
2.360887 	 1.652500 	 0.956400 	 0.652687 	 -0.347127
2.363890 	 1.655000 	 0.955888 	 0.653643 	 -0.347714
2.366888 	 1.657500 	 0.955116 	 0.655076 	 -0.347347
2.369888 	 1.660000 	 0.954858 	 0.655554 	 -0.348892
2.373890 	 1.662500 	 0.954079 	 0.656986 	 -0.348528
2.376887 	 1.665000 	 0.953296 	 0.658417 	 -0.348167
2.379851 	 1.667500 	 0.953035 	 0.658893 	 -0.349713
2.382849 	 1.670000 	 0.952246 	 0.660322 	 -0.349355
2.385850 	 1.672500 	 0.951717 	 0.661275 	 -0.349951
2.388849 	 1.675000 	 0.951187 	 0.662226 	 -0.350548
2.391849 	 1.677500 	 0.950655 	 0.663177 	 -0.351146
2.394887 	 1.680000 	 0.950388 	 0.663653 	 -0.352695
2.397886 	 1.682500 	 0.949853 	 0.664603 	 -0.353294
2.400887 	 1.685000 	 0.949047 	 0.666027 	 -0.352946
2.404885 	 1.687500 	 0.948777 	 0.666502 	 -0.354497
2.407887 	 1.690000 	 0.948236 	 0.667450 	 -0.355099
2.410885 	 1.692500 	 0.947694 	 0.668398 	 -0.355703
2.413886 	 1.695000 	 0.946877 	 0.669820 	 -0.355361
2.417848 	 1.697500 	 0.946330 	 0.670766 	 -0.355967
2.420862 	 1.700000 	 0.946056 	 0.671239 	 -0.357521
2.424884 	 1.702500 	 0.945231 	 0.672658 	 -0.357184
2.427887 	 1.705000 	 2.000000 	 0.673603 	 -0.357794
2.430875 	 1.707500 	 0.944124 	 0.674548 	 -0.358404
2.433883 	 1.710000 	 0.943847 	 0.675020 	 -0.359960
2.436884 	 1.712500 	 0.943290 	 0.675964 	 -0.360573
2.439884 	 1.715000 	 0.942732 	 0.676907 	 -0.361187
2.442883 	 1.717500 	 0.941892 	 0.678320 	 -0.360859
2.445846 	 1.720000 	 0.941329 	 0.679262 	 -0.361476
2.448885 	 1.722500 	 0.940765 	 0.680203 	 -0.362093
2.452847 	 1.725000 	 0.940200 	 0.681144 	 -0.362712
2.455846 	 1.727500 	 0.939917 	 0.681614 	 -0.364272
2.459846 	 1.730000 	 0.938779 	 0.683493 	 -0.363014
2.462883 	 1.732500 	 0.937922 	 0.684901 	 -0.362698
2.465881 	 1.735000 	 0.937636 	 0.685370 	 -0.364261
2.468845 	 1.737500 	 0.936775 	 0.686776 	 -0.363949
2.471882 	 1.740000 	 0.936198 	 0.687712 	 -0.364575
2.474846 	 1.742500 	 0.935621 	 0.688648 	 -0.365203
2.478846 	 1.745000 	 0.935042 	 0.689584 	 -0.365832
2.481846 	 1.747500 	 0.934461 	 0.690519 	 -0.366462
2.484845 	 1.750000 	 0.933588 	 0.691920 	 -0.366160
2.487881 	 1.752500 	 0.933004 	 0.692854 	 -0.366793
2.490880 	 1.755000 	 0.932419 	 0.693786 	 -0.367427
2.493883 	 1.757500 	 0.932125 	 0.694253 	 -0.368995
2.496880 	 1.760000 	 0.931538 	 0.695185 	 -0.369631
2.499841 	 1.762500 	 0.930949 	 0.696116 	 -0.370268
2.503881 	 1.765000 	 0.930064 	 0.697512 	 -0.369976
2.506842 	 1.767500 	 0.929768 	 0.697977 	 -0.371546
2.509880 	 1.770000 	 0.928879 	 0.699371 	 -0.371258
2.513881 	 1.772500 	 0.928285 	 0.700300 	 -0.371900
2.516842 	 1.775000 	 0.927689 	 0.701228 	 -0.372544
2.519884 	 1.777500 	 0.926494 	 0.702619 	 -0.372262
2.522877 	 1.780000 	 0.926195 	 0.703546 	 -0.372908
2.525878 	 1.782500 	 0.925595 	 0.704472 	 -0.373556
2.529878 	 1.785000 	 0.924994 	 0.705397 	 -0.374206
2.533841 	 1.787500 	 0.923788 	 0.707246 	 -0.373007
2.536879 	 1.790000 	 0.923486 	 0.707708 	 -0.374584
2.539877 	 1.792500 	 0.922579 	 0.709093 	 -0.374314
2.542839 	 1.795000 	 0.921972 	 0.710015 	 -0.374969
2.546842 	 1.797500 	 0.921364 	 0.710937 	 -0.375626
2.549841 	 1.800000 	 0.920451 	 0.712319 	 -0.375362
2.552878 	 1.802500 	 0.919841 	 0.713239 	 -0.376022
2.556875 	 1.805000 	 0.919229 	 0.714159 	 -0.376682
2.559878 	 1.807500 	 0.918617 	 0.715078 	 -0.377344
2.563858 	 1.810000 	 0.918311 	 0.715537 	 -0.378926
2.566841 	 1.812500 	 0.917697 	 0.716455 	 -0.379589
2.569886 	 1.815000 	 0.916775 	 0.717831 	 -0.379337
2.573874 	 1.817500 	 0.916159 	 0.718748 	 -0.380004
2.576874 	 1.820000 	 0.915850 	 0.719206 	 -0.381588
2.579876 	 1.822500 	 0.915233 	 0.720122 	 -0.382256
2.582838 	 1.825000 	 0.914614 	 0.721037 	 -0.382926
2.586838 	 1.827500 	 0.913995 	 0.721951 	 -0.383597
2.589873 	 1.830000 	 0.913375 	 0.722865 	 -0.384270
2.593835 	 1.832500 	 0.912754 	 0.723778 	 -0.384943
2.596874 	 1.835000 	 0.911510 	 0.725603 	 -0.383794
2.600838 	 1.837500 	 0.910886 	 0.726514 	 -0.384471
2.604875 	 1.840000 	 0.910262 	 0.727425 	 -0.385150
2.608872 	 1.842500 	 0.909637 	 0.728335 	 -0.385830
2.611871 	 1.845000 	 0.908698 	 0.729699 	 -0.385602
2.615836 	 1.847500 	 0.908385 	 0.730154 	 -0.387193
2.618874 	 1.850000 	 0.907443 	 0.731516 	 -0.386969
2.621872 	 1.852500 	 0.906815 	 0.732423 	 -0.387654
2.624836 	 1.855000 	 0.906186 	 0.732876 	 -0.389247
2.627872 	 1.857500 	 0.905241 	 0.734688 	 -0.388123
2.630835 	 1.860000 	 0.904925 	 0.735141 	 -0.389718
2.633833 	 1.862500 	 0.904294 	 0.736046 	 -0.390408
2.636834 	 1.865000 	 0.903978 	 0.736498 	 -0.392004
2.640871 	 1.867500 	 0.902714 	 0.738305 	 -0.390890
2.643872 	 1.870000 	 0.902397 	 0.738756 	 -0.392487
2.646871 	 1.872500 	 0.901446 	 0.740109 	 -0.392281
2.649872 	 1.875000 	 0.901129 	 0.740560 	 -0.393880
2.652873 	 1.877500 	 0.900494 	 0.741461 	 -0.394578
2.655837 	 1.880000 	 0.899858 	 0.742361 	 -0.395277
2.658871 	 1.882500 	 0.898904 	 0.743711 	 -0.395078
2.661831 	 1.885000 	 0.898586 	 0.744160 	 -0.396680
2.665831 	 1.887500 	 0.897630 	 0.745508 	 -0.396485
2.669832 	 1.890000 	 0.896992 	 0.746405 	 -0.397190
2.672867 	 1.892500 	 0.896354 	 0.747302 	 -0.397896
2.675870 	 1.895000 	 0.895715 	 0.748198 	 -0.398604
2.678867 	 1.897500 	 0.895075 	 0.749094 	 -0.399313
2.682830 	 1.900000 	 0.894435 	 0.749989 	 -0.400023
2.686868 	 1.902500 	 0.893154 	 0.751776 	 -0.398947
2.690868 	 1.905000 	 0.892513 	 0.752669 	 -0.399661
2.693831 	 1.907500 	 0.891871 	 0.753562 	 -0.400376
2.696869 	 1.910000 	 0.891229 	 0.754454 	 -0.401093
2.699869 	 1.912500 	 0.890587 	 0.755345 	 -0.401811
2.702869 	 1.915000 	 0.889944 	 0.756235 	 -0.402530
2.705871 	 1.917500 	 0.888979 	 0.757569 	 -0.403250
2.708865 	 1.920000 	 0.888657 	 0.758014 	 -0.403972
2.711867 	 1.922500 	 0.888335 	 0.758458 	 -0.405583
2.714829 	 1.925000 	 0.887691 	 0.759346 	 -0.406307
2.717828 	 1.927500 	 0.887047 	 0.760234 	 -0.407032
2.721829 	 1.930000 	 0.886080 	 0.761564 	 -0.406872
2.723866 	 1.932500 	 0.885757 	 0.762007 	 -0.408486
2.726829 	 1.935000 	 0.885112 	 0.762893 	 -0.409215
2.729866 	 1.937500 	 0.884466 	 0.763778 	 -0.409945
2.732829 	 1.940000 	 0.883497 	 0.765104 	 -0.409792
2.735872 	 1.942500 	 0.882527 	 0.766429 	 -0.409643
2.738865 	 1.945000 	 0.882204 	 0.766870 	 -0.411260
2.741865 	 1.947500 	 0.881557 	 0.767752 	 -0.411996
2.744866 	 1.950000 	 0.880910 	 0.768633 	 -0.412733
2.747864 	 1.952500 	 0.879939 	 0.769954 	 -0.412592
2.750864 	 1.955000 	 0.879615 	 0.770394 	 -0.414212
2.754826 	 1.957500 	 0.878968 	 0.771274 	 -0.414953
2.758830 	 1.960000 	 0.877996 	 0.772592 	 -0.415695
2.761865 	 1.962500 	 0.877348 	 0.773469 	 -0.415561
2.764826 	 1.965000 	 0.876699 	 0.774347 	 -0.416307
2.768867 	 1.967500 	 0.876375 	 0.774785 	 -0.417930
2.771863 	 1.970000 	 0.875726 	 0.775661 	 -0.418678
2.775863 	 1.972500 	 0.874753 	 0.776974 	 -0.418551
2.778824 	 1.975000 	 0.874104 	 0.777849 	 -0.419302
2.782863 	 1.977500 	 0.873455 	 0.778723 	 -0.420054
2.785864 	 1.980000 	 0.872806 	 0.779596 	 -0.420808
2.788826 	 1.982500 	 0.872157 	 0.780469 	 -0.421562
2.791827 	 1.985000 	 0.871833 	 0.780905 	 -0.423190
2.795825 	 1.987500 	 0.870859 	 0.782212 	 -0.423076
2.798826 	 1.990000 	 0.870534 	 0.782648 	 -0.424705
2.801823 	 1.992500 	 0.869560 	 0.783953 	 -0.424594
2.805825 	 1.995000 	 0.868910 	 0.784822 	 -0.425355
2.808863 	 1.997500 	 0.868261 	 0.785691 	 -0.426118
2.811859 	 2.000000 	 0.867611 	 0.786559 	 -0.426882
2.826825 	 2.002500 	 0.866961 	 0.787427 	 -0.427647
2.830823 	 2.005000 	 0.866312 	 0.788293 	 -0.428413
2.833823 	 2.007500 	 0.865662 	 0.789159 	 -0.429181
2.837823 	 2.010000 	 0.865337 	 0.789592 	 -0.430815
2.840860 	 2.012500 	 0.864038 	 0.791322 	 -0.429856
2.844857 	 2.015000 	 0.863388 	 0.792186 	 -0.430628
2.847822 	 2.017500 	 0.863064 	 0.792618 	 -0.432265
2.850861 	 2.020000 	 0.862414 	 0.793480 	 -0.433039
2.853858 	 2.022500 	 0.861765 	 0.794343 	 -0.433815
2.857859 	 2.025000 	 0.861115 	 0.795204 	 -0.434591
2.860858 	 2.027500 	 0.860141 	 0.796496 	 -0.434509
2.863859 	 2.030000 	 0.859492 	 0.797356 	 -0.435289
2.866855 	 2.032500 	 0.859167 	 0.797785 	 -0.436929
2.869856 	 2.035000 	 0.858518 	 0.798644 	 -0.437711
2.872858 	 2.037500 	 0.857545 	 0.799932 	 -0.437637
2.875856 	 2.040000 	 0.857220 	 0.800360 	 -0.439279
2.878855 	 2.042500 	 0.856571 	 0.801217 	 -0.440065
2.881857 	 2.045000 	 0.855923 	 0.802074 	 -0.440852
2.884821 	 2.047500 	 0.855598 	 0.802502 	 -0.442496
2.887817 	 2.050000 	 0.854950 	 0.803357 	 -0.443286
2.891818 	 2.052500 	 0.854302 	 0.804212 	 -0.444076
2.894818 	 2.055000 	 0.853653 	 0.805066 	 -0.444868
2.897857 	 2.057500 	 0.852357 	 0.806772 	 -0.443955
2.900819 	 2.060000 	 0.852034 	 0.807199 	 -0.445603
2.903855 	 2.062500 	 0.851710 	 0.807625 	 -0.447251
2.907854 	 2.065000 	 0.850739 	 0.808902 	 -0.447197
2.910817 	 2.067500 	 0.850415 	 0.809327 	 -0.448846
2.913817 	 2.070000 	 0.850091 	 0.809752 	 -0.450495
2.917815 	 2.072500 	 0.849121 	 0.811027 	 -0.450446
2.920817 	 2.075000 	 0.847827 	 0.812724 	 -0.449552
2.923818 	 2.077500 	 0.847181 	 0.813572 	 -0.450356
2.926854 	 2.080000 	 0.846535 	 0.814419 	 -0.451162
2.929854 	 2.082500 	 0.845566 	 0.815688 	 -0.451969
2.932853 	 2.085000 	 0.845243 	 0.816111 	 -0.452778
2.935855 	 2.087500 	 0.844598 	 0.816956 	 -0.453588
2.938817 	 2.090000 	 0.844275 	 0.817378 	 -0.455243
2.942816 	 2.092500 	 0.843308 	 0.818644 	 -0.455211
2.945820 	 2.095000 	 0.842986 	 0.819066 	 -0.456868
2.948853 	 2.097500 	 0.842341 	 0.819909 	 -0.457682
2.952852 	 2.100000 	 0.841375 	 0.821172 	 -0.457656
2.956854 	 2.102500 	 0.840731 	 0.822013 	 -0.458474
2.959852 	 2.105000 	 0.840088 	 0.822854 	 -0.459293
2.962850 	 2.107500 	 0.839766 	 0.823274 	 -0.460953
2.966853 	 2.110000 	 0.838480 	 0.824952 	 -0.460096
2.971813 	 2.112500 	 0.837838 	 0.825791 	 -0.460919
2.974813 	 2.115000 	 0.837517 	 0.826209 	 -0.462581
2.977850 	 2.117500 	 0.836554 	 0.827047 	 -0.462569
2.980849 	 2.120000 	 0.836233 	 0.827884 	 -0.464233
2.983851 	 2.122500 	 0.835271 	 0.829137 	 -0.464225
2.986851 	 2.125000 	 0.834951 	 0.829555 	 -0.465890
2.989849 	 2.127500 	 0.833990 	 0.830807 	 -0.466720
2.991850 	 2.130000 	 0.833350 	 0.831641 	 -0.466718
2.994850 	 2.132500 	 0.833030 	 0.832057 	 -0.468385
2.998848 	 2.135000 	 0.831751 	 0.833723 	 -0.467555
3.002851 	 2.137500 	 0.831112 	 0.834554 	 -0.468392
3.006810 	 2.140000 	 0.830793 	 0.834970 	 -0.470061
3.009850 	 2.142500 	 0.829836 	 0.836215 	 -0.470069
3.013849 	 2.145000 	 0.829198 	 0.837045 	 -0.470910
3.017847 	 2.147500 	 0.828243 	 0.838288 	 -0.470923
3.021850 	 2.150000 	 0.827924 	 0.838703 	 -0.472595
3.025847 	 2.152500 	 0.826970 	 0.839944 	 -0.472612
3.030810 	 2.155000 	 0.826334 	 0.840771 	 -0.473458
3.034847 	 2.157500 	 0.825063 	 0.842423 	 -0.472655
3.038809 	 2.160000 	 0.824746 	 0.842835 	 -0.474330
3.042808 	 2.162500 	 0.823477 	 0.844484 	 -0.473533
3.045846 	 2.165000 	 0.822844 	 0.845307 	 -0.474386
3.049808 	 2.167500 	 0.822527 	 0.845718 	 -0.476063
3.054844 	 2.170000 	 0.821262 	 0.846952 	 -0.475275
3.059845 	 2.172500 	 0.820314 	 0.848594 	 -0.475312
3.063848 	 2.175000 	 0.819999 	 0.849004 	 -0.476992
3.067808 	 2.177500 	 0.819052 	 0.850234 	 -0.477033
3.069846 	 2.180000 	 0.818737 	 0.850643 	 -0.478714
3.073844 	 2.182500 	 0.817792 	 0.851871 	 -0.478759
3.077806 	 2.185000 	 0.817163 	 0.852688 	 -0.479623
3.081805 	 2.187500 	 0.816534 	 0.853505 	 -0.480489
3.085807 	 2.190000 	 0.815591 	 0.854730 	 -0.480541
3.089807 	 2.192500 	 0.814336 	 0.856360 	 -0.479780
3.093806 	 2.195000 	 0.813709 	 0.857174 	 -0.480652
3.098804 	 2.197500 	 0.812458 	 0.858801 	 -0.479899
3.103841 	 2.200000 	 0.811832 	 0.859613 	 -0.480774
3.108841 	 2.202500 	 0.810895 	 0.860830 	 -0.480840
3.112843 	 2.205000 	 0.809960 	 0.862046 	 -0.480908
3.117803 	 2.207500 	 0.809025 	 0.863260 	 -0.480979
3.122804 	 2.210000 	 0.808092 	 0.864474 	 -0.481053
3.126803 	 2.212500 	 0.807160 	 0.865685 	 -0.481130
3.131804 	 2.215000 	 0.805919 	 0.867299 	 -0.480403
3.135839 	 2.217500 	 0.804990 	 0.868507 	 -0.480486
3.140841 	 2.220000 	 0.804062 	 0.869714 	 -0.480572
3.144839 	 2.222500 	 0.803753 	 0.870116 	 -0.482268
3.148804 	 2.225000 	 0.803135 	 0.870920 	 -0.483161
3.152804 	 2.227500 	 0.801901 	 0.872525 	 -0.482450
3.157801 	 2.230000 	 0.801285 	 0.873327 	 -0.483346
3.161801 	 2.232500 	 0.800055 	 0.874928 	 -0.482643
3.166838 	 2.235000 	 0.799134 	 0.876128 	 -0.482744
3.171837 	 2.237500 	 0.798214 	 0.877326 	 -0.482847
3.176839 	 2.240000 	 0.797601 	 0.878124 	 -0.483751
3.180838 	 2.242500 	 0.796684 	 0.879320 	 -0.483859
3.184800 	 2.245000 	 0.795767 	 0.880515 	 -0.483970
3.188838 	 2.247500 	 0.794548 	 0.882105 	 -0.483289
3.192800 	 2.250000 	 0.793634 	 0.883297 	 -0.483406
3.197799 	 2.252500 	 0.792722 	 0.884487 	 -0.483526
3.202801 	 2.255000 	 2.000000 	 0.885675 	 -0.483649
3.206801 	 2.257500 	 0.791206 	 0.886467 	 -0.484566
3.211799 	 2.260000 	 0.789995 	 0.888049 	 -0.483903
3.216797 	 2.262500 	 0.788787 	 0.889628 	 -0.483245
3.220836 	 2.265000 	 0.787883 	 0.890810 	 -0.483379
3.225796 	 2.267500 	 0.786980 	 0.891992 	 -0.483516
3.229797 	 2.270000 	 0.785778 	 0.893565 	 -0.482870
3.234835 	 2.272500 	 0.785178 	 0.894350 	 -0.483799
3.238795 	 2.275000 	 0.784578 	 0.895136 	 -0.484729
3.243835 	 2.277500 	 0.783382 	 0.896704 	 -0.484092
3.248796 	 2.280000 	 0.782486 	 0.897878 	 -0.484243
3.252834 	 2.282500 	 0.781591 	 0.899052 	 -0.484397
3.256832 	 2.285000 	 0.780698 	 0.900224 	 -0.484553
3.260835 	 2.287500 	 0.779807 	 0.901394 	 -0.484712
3.264794 	 2.290000 	 0.779510 	 0.901784 	 -0.486432
3.268831 	 2.292500 	 0.778917 	 0.902563 	 -0.487373
3.272834 	 2.295000 	 0.777437 	 0.904509 	 -0.485981
3.276830 	 2.297500 	 0.776846 	 0.905287 	 -0.486927
3.280794 	 2.300000 	 0.776256 	 0.906063 	 -0.487873
3.284795 	 2.302500 	 0.775666 	 0.906839 	 -0.488821
3.289831 	 2.305000 	 0.774489 	 0.908002 	 -0.488995
3.294792 	 2.307500 	 0.773608 	 0.909551 	 -0.488398
3.298792 	 2.310000 	 0.772729 	 0.910711 	 -0.488578
3.302793 	 2.312500 	 0.772143 	 0.911484 	 -0.489533
3.306794 	 2.315000 	 0.771266 	 0.912641 	 -0.489717
3.310832 	 2.317500 	 2.000000 	 0.913798 	 -0.489904
3.314848 	 2.320000 	 0.769517 	 0.914953 	 -0.490094
3.318829 	 2.322500 	 0.768644 	 0.916107 	 -0.490286
3.322792 	 2.325000 	 0.768354 	 0.916491 	 -0.492018
3.327793 	 2.327500 	 0.767194 	 0.918027 	 -0.491446
3.331791 	 2.330000 	 0.766615 	 0.918794 	 -0.492412
3.335829 	 2.332500 	 0.766036 	 0.919561 	 -0.493379
3.339830 	 2.335000 	 0.764882 	 0.921092 	 -0.492816
3.343808 	 2.337500 	 0.764593 	 0.921474 	 -0.494552
3.347791 	 2.340000 	 0.764018 	 0.922239 	 -0.495523
3.351829 	 2.342500 	 0.762868 	 0.923766 	 -0.494968
3.355790 	 2.345000 	 0.762581 	 0.924147 	 -0.496705
3.359828 	 2.347500 	 0.761434 	 0.925672 	 -0.496157
3.364789 	 2.350000 	 0.760576 	 0.926813 	 -0.496373
3.369827 	 2.352500 	 0.759720 	 0.927954 	 -0.496592
3.373827 	 2.355000 	 0.759150 	 0.928713 	 -0.497573
3.377789 	 2.357500 	 0.758581 	 0.929472 	 -0.498555
3.382789 	 2.360000 	 0.757161 	 0.931367 	 -0.497265
3.386823 	 2.362500 	 0.756877 	 0.931746 	 -0.499008
3.391823 	 2.365000 	 0.755745 	 0.933259 	 -0.498482
3.395825 	 2.367500 	 0.754897 	 0.934392 	 -0.498716
3.399822 	 2.370000 	 0.754333 	 0.935147 	 -0.499706
3.403787 	 2.372500 	 0.753770 	 0.935901 	 -0.500698
3.407785 	 2.375000 	 0.753207 	 0.936655 	 -0.501691
3.411786 	 2.377500 	 0.752646 	 0.937408 	 -0.502685
3.415788 	 2.380000 	 0.751804 	 0.938536 	 -0.502928
3.420823 	 2.382500 	 0.750964 	 0.939664 	 -0.503173
3.424823 	 2.385000 	 0.750126 	 0.940790 	 -0.503421
3.428824 	 2.387500 	 0.749568 	 0.941540 	 -0.504421
3.432822 	 2.390000 	 0.749010 	 0.942289 	 -0.505422
3.436788 	 2.392500 	 0.748176 	 0.943412 	 -0.505676
3.440786 	 2.395000 	 0.747343 	 0.944534 	 -0.505932
3.444786 	 2.397500 	 0.747066 	 0.944908 	 -0.507685
3.448784 	 2.400000 	 0.746512 	 0.945655 	 -0.508691
3.453784 	 2.402500 	 0.745406 	 0.947147 	 -0.508207
3.458784 	 2.405000 	 0.744578 	 0.948264 	 -0.508471
3.462821 	 2.407500 	 0.743752 	 0.949381 	 -0.508738
3.466783 	 2.410000 	 0.743202 	 0.950124 	 -0.509751
3.471818 	 2.412500 	 0.742653 	 0.950868 	 -0.510765
3.475818 	 2.415000 	 0.741831 	 0.951981 	 -0.511038
3.479783 	 2.417500 	 0.741010 	 0.953093 	 -0.511313
3.483780 	 2.420000 	 0.740464 	 0.953834 	 -0.512331
3.487819 	 2.422500 	 0.739646 	 0.954945 	 -0.512611
3.491781 	 2.425000 	 0.738830 	 0.956054 	 -0.512893
3.495820 	 2.427500 	 0.738015 	 0.957161 	 -0.513177
3.499817 	 2.430000 	 0.737744 	 0.957531 	 -0.514939
3.504816 	 2.432500 	 0.736931 	 0.958637 	 -0.515227
3.508817 	 2.435000 	 0.735851 	 0.960110 	 -0.514780
3.512817 	 2.437500 	 0.735581 	 0.960478 	 -0.516545
3.517780 	 2.440000 	 0.734773 	 0.961581 	 -0.516839
3.521780 	 2.442500 	 0.734235 	 0.962315 	 -0.517869
3.526780 	 2.445000 	 0.733429 	 0.963416 	 -0.518168
3.530781 	 2.447500 	 0.732625 	 0.964516 	 -0.518468
3.534779 	 2.450000 	 0.732090 	 0.965248 	 -0.519503
3.538779 	 2.452500 	 0.731289 	 0.966346 	 -0.519808
3.542780 	 2.455000 	 0.730489 	 0.967443 	 -0.520115
3.546817 	 2.457500 	 0.729426 	 0.968903 	 -0.519694
3.550816 	 2.460000 	 0.728895 	 0.969632 	 -0.520736
3.554776 	 2.462500 	 0.728365 	 0.970361 	 -0.521778
3.559779 	 2.465000 	 0.727572 	 0.971453 	 -0.522094
3.564776 	 2.467500 	 0.726780 	 0.972544 	 -0.522412
3.569814 	 2.470000 	 0.725989 	 0.973634 	 -0.522732
3.573814 	 2.472500 	 0.725200 	 0.974722 	 -0.523055
3.578812 	 2.475000 	 0.724413 	 0.975810 	 -0.523380
3.582814 	 2.477500 	 0.723889 	 0.976534 	 -0.524432
3.586815 	 2.480000 	 0.722844 	 0.977981 	 -0.524038
3.590812 	 2.482500 	 0.722583 	 0.978343 	 -0.525815
3.594775 	 2.485000 	 0.722062 	 0.979065 	 -0.526870
3.598812 	 2.487500 	 0.721281 	 0.980148 	 -0.527205
3.602813 	 2.490000 	 0.720761 	 0.980869 	 -0.528262
3.607811 	 2.492500 	 0.719983 	 0.981950 	 -0.528601
3.611813 	 2.495000 	 0.719207 	 0.983029 	 -0.528942
3.615773 	 2.497500 	 0.718690 	 0.983748 	 -0.530003
3.619810 	 2.500000 	 0.717659 	 0.985185 	 -0.529630
3.623813 	 2.502500 	 2.000000 	 0.985544 	 -0.531413
3.627810 	 2.505000 	 0.716888 	 0.986261 	 -0.532478
3.632772 	 2.507500 	 0.715861 	 0.987694 	 -0.532112
3.636811 	 2.510000 	 0.715094 	 0.988767 	 -0.532465
3.640810 	 2.512500 	 0.714838 	 0.989125 	 -0.534250
3.644808 	 2.515000 	 0.714327 	 0.989840 	 -0.535321
3.648808 	 2.517500 	 0.713308 	 0.991268 	 -0.534965
3.652769 	 2.520000 	 0.712800 	 0.991981 	 -0.536039
3.657772 	 2.522500 	 0.712292 	 0.992693 	 -0.537113
3.661779 	 2.525000 	 0.711785 	 0.993406 	 -0.538189
3.666771 	 2.527500 	 0.711279 	 0.994117 	 -0.539266
3.670808 	 2.530000 	 0.710268 	 0.995539 	 -0.538922
3.672806 	 2.532500 	 2.000000 	 0.995539 	 -0.538922
3.676806 	 2.535000 	 0.709260 	 0.996959 	 -0.541082
3.680806 	 2.537500 	 0.708507 	 0.998022 	 -0.541455
3.684769 	 2.540000 	 0.708005 	 0.998731 	 -0.542539
3.688804 	 2.542500 	 0.707504 	 0.999439 	 -0.543623
