time(s) 	 Pos(mm) 	 Speed(mm/s) 	 u 	 Err
0.006001 	 0.000000 	 0.707607 	 0.000707 	 0.001414
0.011001 	 0.002500 	 0.708108 	 0.001415 	 0.000330
0.016999 	 0.005000 	 0.709112 	 0.002832 	 0.000664
0.022034 	 0.007500 	 0.709867 	 0.003896 	 0.000292
0.027000 	 0.010000 	 0.710624 	 0.004961 	 -0.000078
0.030997 	 0.012500 	 0.710876 	 0.005316 	 -0.001867
0.035000 	 0.015000 	 0.711888 	 0.006739 	 -0.001522
0.039996 	 0.017500 	 0.712395 	 0.007451 	 -0.002598
0.045035 	 0.020000 	 0.713157 	 0.008520 	 -0.002960
0.048998 	 0.022500 	 0.713920 	 0.009590 	 -0.003320
0.054033 	 0.025000 	 0.714430 	 0.010304 	 -0.004392
0.058035 	 0.027500 	 0.714941 	 0.011019 	 -0.005463
0.062035 	 0.030000 	 0.715452 	 0.011734 	 -0.006532
0.065996 	 0.032500 	 0.715964 	 0.012449 	 -0.005101
0.070033 	 0.035000 	 0.716990 	 0.013882 	 -0.007236
0.074034 	 0.037500 	 0.717504 	 0.014599 	 -0.008302
0.077999 	 0.040000 	 0.718277 	 0.015676 	 -0.009366
0.081995 	 0.042500 	 0.718535 	 0.016035 	 -0.010430
0.086996 	 0.045000 	 0.719309 	 0.017113 	 -0.010774
0.090996 	 0.047500 	 0.719827 	 0.017833 	 -0.011835
0.095992 	 0.050000 	 0.720345 	 0.018553 	 -0.012895
0.099993 	 0.052500 	 0.721123 	 0.019633 	 -0.013233
0.104995 	 0.055000 	 0.722164 	 0.021076 	 -0.012847
0.109992 	 0.057500 	 0.723207 	 0.022522 	 -0.012457
0.113991 	 0.060000 	 0.723991 	 0.023607 	 -0.012786
0.117991 	 0.062500 	 0.724515 	 0.024331 	 -0.013838
0.122030 	 0.065000 	 0.725040 	 0.025056 	 -0.014889
0.125993 	 0.067500 	 0.725828 	 0.026143 	 -0.015213
0.129997 	 0.070000 	 0.726618 	 0.027233 	 -0.015535
0.133991 	 0.072500 	 0.726881 	 0.027596 	 -0.017308
0.138028 	 0.075000 	 0.727673 	 0.028687 	 -0.017627
0.141995 	 0.077500 	 0.728732 	 0.030143 	 -0.017214
0.146991 	 0.080000 	 0.729262 	 0.030872 	 -0.018257
0.151991 	 0.082500 	 0.730059 	 0.031966 	 -0.018568
0.155991 	 0.085000 	 0.731123 	 0.033427 	 -0.018146
0.160028 	 0.087500 	 0.731924 	 0.034524 	 -0.018452
0.164989 	 0.090000 	 0.732459 	 0.035256 	 -0.019488
0.169988 	 0.092500 	 0.733262 	 0.036355 	 -0.019790
0.174037 	 0.095000 	 0.734067 	 0.037455 	 -0.020089
0.178026 	 0.097500 	 0.734873 	 0.038557 	 -0.020386
0.181989 	 0.100000 	 0.735412 	 0.039292 	 -0.021416
0.187027 	 0.102500 	 0.735951 	 0.040027 	 -0.022445
0.190989 	 0.105000 	 0.736761 	 0.041132 	 -0.022736
0.195990 	 0.107500 	 0.737302 	 0.041869 	 -0.023763
0.201026 	 0.110000 	 0.738387 	 0.043344 	 -0.023312
0.205027 	 0.112500 	 0.738658 	 0.043713 	 -0.025073
0.208985 	 0.115000 	 0.739202 	 0.044452 	 -0.026096
0.213987 	 0.117500 	 0.740291 	 0.045931 	 -0.025637
0.218025 	 0.120000 	 0.741110 	 0.047042 	 -0.025916
0.221988 	 0.122500 	 0.741657 	 0.047783 	 -0.026933
0.225985 	 0.125000 	 0.742205 	 0.048525 	 -0.027950
0.230986 	 0.127500 	 0.743027 	 0.049639 	 -0.028222
0.235022 	 0.130000 	 0.743852 	 0.050754 	 -0.028492
0.238986 	 0.132500 	 0.744402 	 0.051498 	 -0.029504
0.243023 	 0.135000 	 0.744953 	 0.052242 	 -0.030515
0.246983 	 0.137500 	 0.745781 	 0.053360 	 -0.030780
0.250985 	 0.140000 	 0.746611 	 0.054479 	 -0.031041
0.254985 	 0.142500 	 0.746888 	 0.054853 	 -0.032795
0.259986 	 0.145000 	 0.747997 	 0.056347 	 -0.032306
0.264984 	 0.147500 	 0.748553 	 0.057095 	 -0.033309
0.269021 	 0.150000 	 0.749667 	 0.058593 	 -0.032813
0.273019 	 0.152500 	 0.750224 	 0.059343 	 -0.033814
0.277020 	 0.155000 	 0.750783 	 0.060093 	 -0.034813
0.280981 	 0.157500 	 0.751622 	 0.061220 	 -0.035060
0.286034 	 0.160000 	 0.752463 	 0.062348 	 -0.035304
0.290018 	 0.162500 	 0.753306 	 0.063477 	 -0.035546
0.293980 	 0.165000 	 0.753868 	 0.064230 	 -0.036539
0.297983 	 0.167500 	 0.754431 	 0.064984 	 -0.037531
0.302984 	 0.170000 	 0.755278 	 0.066117 	 -0.037767
0.307016 	 0.172500 	 0.755843 	 0.066872 	 -0.038756
0.311020 	 0.175000 	 0.756975 	 0.068385 	 -0.038231
0.314981 	 0.177500 	 0.757258 	 0.068763 	 -0.039974
0.319982 	 0.180000 	 0.758110 	 0.069899 	 -0.040201
0.324018 	 0.182500 	 0.758963 	 0.071037 	 -0.040426
0.327980 	 0.185000 	 0.759247 	 0.071416 	 -0.042167
0.332979 	 0.187500 	 0.760674 	 0.073316 	 -0.040868
0.337026 	 0.190000 	 0.761245 	 0.074077 	 -0.041847
0.342017 	 0.192500 	 0.761818 	 0.074838 	 -0.042824
0.345980 	 0.195000 	 0.762677 	 0.075981 	 -0.043037
0.350992 	 0.197500 	 0.763252 	 0.076744 	 -0.044012
0.356015 	 0.200000 	 0.764114 	 0.077889 	 -0.044221
0.359976 	 0.202500 	 0.764978 	 0.079036 	 -0.044428
0.363976 	 0.205000 	 0.765555 	 0.079801 	 -0.045398
0.368980 	 0.207500 	 0.766132 	 0.080567 	 -0.046366
0.372979 	 0.210000 	 0.766711 	 0.081333 	 -0.047334
0.376978 	 0.212500 	 0.767579 	 0.082484 	 -0.047533
0.381977 	 0.215000 	 0.768159 	 0.083251 	 -0.048497
0.387014 	 0.217500 	 0.769321 	 0.084789 	 -0.047923
0.391013 	 0.220000 	 0.770195 	 0.085943 	 -0.048114
0.395013 	 0.222500 	 0.771069 	 0.087099 	 -0.048303
0.398976 	 0.225000 	 0.771946 	 0.088256 	 -0.048489
0.403976 	 0.227500 	 0.773410 	 0.090187 	 -0.047126
0.408010 	 0.230000 	 0.773703 	 0.090574 	 -0.048852
0.412011 	 0.232500 	 0.774584 	 0.091735 	 -0.049030
0.415973 	 0.235000 	 0.775172 	 0.092509 	 -0.049981
0.419972 	 0.237500 	 0.775761 	 0.093285 	 -0.050930
0.425010 	 0.240000 	 0.776940 	 0.094837 	 -0.050326
0.428974 	 0.242500 	 0.777531 	 0.095614 	 -0.051271
0.433972 	 0.245000 	 0.778418 	 0.096781 	 -0.051438
0.438972 	 0.247500 	 0.779307 	 0.097949 	 -0.051602
0.444011 	 0.250000 	 0.780197 	 0.099119 	 -0.051763
0.448972 	 0.252500 	 0.781387 	 0.100680 	 -0.051140
0.452974 	 0.255000 	 0.782281 	 0.101852 	 -0.051295
0.457010 	 0.257500 	 0.782579 	 0.102243 	 -0.053013
0.460973 	 0.260000 	 0.783474 	 0.103418 	 -0.053164
0.465972 	 0.262500 	 0.784072 	 0.104201 	 -0.054097
0.471010 	 0.265000 	 0.784970 	 0.105378 	 -0.054244
0.475006 	 0.267500 	 0.785570 	 0.106163 	 -0.055174
0.479969 	 0.270000 	 0.786771 	 0.107735 	 -0.054530
0.484007 	 0.272500 	 0.787072 	 0.108129 	 -0.056243
0.488007 	 0.275000 	 0.787673 	 0.108916 	 -0.057169
0.492007 	 0.277500 	 0.788276 	 0.109704 	 -0.058093
0.495968 	 0.280000 	 0.788879 	 0.110492 	 -0.059016
0.501005 	 0.282500 	 0.790389 	 0.112466 	 -0.057569
0.505006 	 0.285000 	 0.790994 	 0.113256 	 -0.058488
0.509006 	 0.287500 	 0.791600 	 0.114047 	 -0.059405
0.513006 	 0.290000 	 0.792510 	 0.115235 	 -0.059530
0.517005 	 0.292500 	 0.793421 	 0.116424 	 -0.059651
0.520969 	 0.295000 	 0.794029 	 0.117218 	 -0.060564
0.525969 	 0.297500 	 0.794942 	 0.118410 	 -0.060681
0.529967 	 0.300000 	 0.795247 	 0.118807 	 -0.062386
0.533968 	 0.302500 	 0.795857 	 0.119602 	 -0.063295
0.538005 	 0.305000 	 0.797079 	 0.121195 	 -0.062610
0.542967 	 0.307500 	 0.797691 	 0.121992 	 -0.063515
0.546966 	 0.310000 	 0.798303 	 0.122790 	 -0.064420
0.550964 	 0.312500 	 0.799223 	 0.123988 	 -0.064524
0.554965 	 0.315000 	 0.800144 	 0.125187 	 -0.064625
0.559003 	 0.317500 	 0.800759 	 0.125988 	 -0.065525
0.562964 	 0.320000 	 0.801682 	 0.127189 	 -0.065622
0.566964 	 0.322500 	 0.802298 	 0.127991 	 -0.066518
0.570963 	 0.325000 	 0.802915 	 0.128793 	 -0.067413
0.574965 	 0.327500 	 0.804150 	 0.130400 	 -0.066700
0.579964 	 0.330000 	 0.805077 	 0.131607 	 -0.066786
0.584963 	 0.332500 	 0.806006 	 0.132815 	 -0.066870
0.588967 	 0.335000 	 0.806937 	 0.134024 	 -0.066951
0.593965 	 0.337500 	 0.807868 	 0.134832 	 -0.067837
0.597963 	 0.340000 	 0.808179 	 0.135639 	 -0.068721
0.602962 	 0.342500 	 0.809423 	 0.137257 	 -0.067987
0.606962 	 0.345000 	 0.809735 	 0.137661 	 -0.069677
0.610962 	 0.347500 	 0.810670 	 0.138876 	 -0.069747
0.614962 	 0.350000 	 0.811606 	 0.140499 	 -0.069814
0.618964 	 0.352500 	 0.812856 	 0.141717 	 -0.069066
0.622961 	 0.355000 	 0.813795 	 0.142937 	 -0.069940
0.626964 	 0.357500 	 0.814735 	 0.144158 	 -0.069184
0.630959 	 0.360000 	 0.815362 	 0.144973 	 -0.070054
0.634963 	 0.362500 	 0.815990 	 0.145788 	 -0.070923
0.638961 	 0.365000 	 0.816618 	 0.146604 	 -0.071791
0.642964 	 0.367500 	 0.817876 	 0.148239 	 -0.071023
0.646959 	 0.370000 	 0.818191 	 0.148648 	 -0.072705
0.651964 	 0.372500 	 0.819136 	 0.149875 	 -0.072749
0.655960 	 0.375000 	 0.820082 	 0.151105 	 -0.072791
0.659957 	 0.377500 	 0.820713 	 0.151925 	 -0.073651
0.663959 	 0.380000 	 0.821345 	 0.152746 	 -0.074509
0.667959 	 0.382500 	 0.821977 	 0.153567 	 -0.075366
0.671958 	 0.385000 	 0.822610 	 0.154389 	 -0.076221
0.675958 	 0.387500 	 0.823560 	 0.155624 	 -0.076253
0.679958 	 0.390000 	 0.824194 	 0.156447 	 -0.077105
0.683957 	 0.392500 	 0.825145 	 0.157684 	 -0.077132
0.688957 	 0.395000 	 0.826415 	 0.159335 	 -0.076329
0.692957 	 0.397500 	 0.827051 	 0.160162 	 -0.077176
0.697955 	 0.400000 	 0.828005 	 0.161403 	 -0.077194
0.701959 	 0.402500 	 0.828961 	 0.162645 	 -0.077209
0.705955 	 0.405000 	 0.829917 	 0.163889 	 -0.077221
0.709954 	 0.407500 	 0.830554 	 0.164719 	 -0.078061
0.714958 	 0.410000 	 0.831512 	 0.165966 	 -0.078068
0.719955 	 0.412500 	 0.832470 	 0.167214 	 -0.078073
0.722959 	 0.415000 	 0.833110 	 0.168046 	 -0.078908
0.726956 	 0.417500 	 0.834069 	 0.169296 	 -0.078907
0.729955 	 0.420000 	 0.834710 	 0.170131 	 -0.079739
0.733954 	 0.422500 	 0.835350 	 0.170965 	 -0.080569
0.737954 	 0.425000 	 0.836312 	 0.172219 	 -0.080562
0.740955 	 0.427500 	 0.836953 	 0.173055 	 -0.081389
0.744954 	 0.430000 	 0.837595 	 0.173893 	 -0.082215
0.747953 	 0.432500 	 0.838237 	 0.174730 	 -0.083039
0.750955 	 0.435000 	 0.838879 	 0.175569 	 -0.083863
0.753951 	 0.437500 	 0.839522 	 0.176408 	 -0.084685
0.756954 	 0.440000 	 0.840487 	 0.177667 	 -0.085505
0.760953 	 0.442500 	 0.841130 	 0.178508 	 -0.085484
0.764956 	 0.445000 	 0.841774 	 0.179349 	 -0.086301
0.767955 	 0.447500 	 0.842418 	 0.180191 	 -0.087117
0.770952 	 0.450000 	 0.843062 	 0.181034 	 -0.087932
0.773952 	 0.452500 	 0.843707 	 0.181877 	 -0.088746
0.776953 	 0.455000 	 0.844674 	 0.183143 	 -0.088714
0.780950 	 0.457500 	 0.845319 	 0.183988 	 -0.089524
0.783954 	 0.460000 	 0.846287 	 0.185256 	 -0.089487
0.786951 	 0.462500 	 0.846610 	 0.185680 	 -0.091141
0.789951 	 0.465000 	 0.847256 	 0.186526 	 -0.091947
0.792955 	 0.467500 	 0.848225 	 0.187798 	 -0.091904
0.795951 	 0.470000 	 0.848872 	 0.188646 	 -0.092708
0.798950 	 0.472500 	 0.849518 	 0.189495 	 -0.093510
0.800950 	 0.475000 	 0.849842 	 0.189920 	 -0.095160
0.804950 	 0.477500 	 0.850812 	 0.191195 	 -0.095110
0.807950 	 0.480000 	 0.851459 	 0.192046 	 -0.095908
0.810949 	 0.482500 	 0.851783 	 0.192472 	 -0.097556
0.813949 	 0.485000 	 0.852754 	 0.193750 	 -0.097500
0.817949 	 0.487500 	 0.853402 	 0.194603 	 -0.098294
0.821950 	 0.490000 	 0.854374 	 0.195884 	 -0.098233
0.824950 	 0.492500 	 0.855022 	 0.196738 	 -0.099024
0.827947 	 0.495000 	 0.855346 	 0.197166 	 -0.100669
0.831949 	 0.497500 	 0.855670 	 0.197593 	 -0.102313
0.834950 	 0.500000 	 0.856319 	 0.198449 	 -0.103102
0.837948 	 0.502500 	 0.856967 	 0.199306 	 -0.103889
0.840950 	 0.505000 	 0.858265 	 0.201021 	 -0.102959
0.843948 	 0.507500 	 0.858589 	 0.201450 	 -0.104601
0.846946 	 0.510000 	 0.859563 	 0.202738 	 -0.104524
0.849947 	 0.512500 	 0.859887 	 0.203168 	 -0.106164
0.853949 	 0.515000 	 0.860861 	 0.204458 	 -0.106084
0.856949 	 0.517500 	 0.861834 	 0.205750 	 -0.106000
0.859946 	 0.520000 	 0.862159 	 0.206181 	 -0.107638
0.863946 	 0.522500 	 0.863133 	 0.207475 	 -0.107551
0.866948 	 0.525000 	 0.864107 	 0.208770 	 -0.107461
0.869949 	 0.527500 	 0.864432 	 0.209202 	 -0.109096
0.872946 	 0.530000 	 0.865081 	 0.210066 	 -0.109867
0.875947 	 0.532500 	 0.865406 	 0.210499 	 -0.111502
0.878948 	 0.535000 	 0.866055 	 0.211364 	 -0.112271
0.881946 	 0.537500 	 0.866705 	 0.212231 	 -0.113039
0.885945 	 0.540000 	 0.867354 	 0.213098 	 -0.113805
0.888946 	 0.542500 	 0.868003 	 0.213965 	 -0.114570
0.891945 	 0.545000 	 0.868653 	 0.214833 	 -0.115334
0.894945 	 0.547500 	 0.869302 	 0.215702 	 -0.116096
0.897944 	 0.550000 	 0.869951 	 0.216572 	 -0.116857
0.900944 	 0.552500 	 0.870276 	 0.217006 	 -0.118487
0.903943 	 0.555000 	 0.870925 	 0.217877 	 -0.119246
0.906945 	 0.557500 	 0.871899 	 0.219184 	 -0.119132
0.909946 	 0.560000 	 0.872548 	 0.220056 	 -0.119888
0.912941 	 0.562500 	 0.872872 	 0.220492 	 -0.121516
0.916941 	 0.565000 	 0.873521 	 0.221365 	 -0.122270
0.919942 	 0.567500 	 0.874170 	 0.222239 	 -0.123022
0.922944 	 0.570000 	 0.875143 	 0.223551 	 -0.122899
0.925941 	 0.572500 	 0.875467 	 0.223988 	 -0.124524
0.929941 	 0.575000 	 0.876115 	 0.224864 	 -0.125272
0.933940 	 0.577500 	 0.876763 	 0.225740 	 -0.126020
0.937943 	 0.580000 	 0.877735 	 0.227056 	 -0.125889
0.941942 	 0.582500 	 0.878383 	 0.227934 	 -0.126633
0.945940 	 0.585000 	 0.878707 	 0.228373 	 -0.128254
0.948943 	 0.587500 	 0.879678 	 0.229691 	 -0.128117
0.951940 	 0.590000 	 0.880002 	 0.230131 	 -0.129738
0.954940 	 0.592500 	 0.880649 	 0.231011 	 -0.130477
0.958943 	 0.595000 	 0.881619 	 0.232333 	 -0.130334
0.961940 	 0.597500 	 0.881943 	 0.232774 	 -0.131953
0.964939 	 0.600000 	 0.882589 	 0.233656 	 -0.132689
0.967941 	 0.602500 	 0.883558 	 0.234980 	 -0.132540
0.970938 	 0.605000 	 0.884204 	 0.235864 	 -0.133272
0.974939 	 0.607500 	 0.885172 	 0.237191 	 -0.133119
0.977941 	 0.610000 	 0.885817 	 0.238076 	 -0.133848
0.980938 	 0.612500 	 0.886462 	 0.238962 	 -0.134576
0.984937 	 0.615000 	 0.887429 	 0.240292 	 -0.134416
0.988938 	 0.617500 	 0.888073 	 0.241180 	 -0.135141
0.992938 	 0.620000 	 0.889038 	 0.242512 	 -0.134975
0.995940 	 0.622500 	 0.889681 	 0.243401 	 -0.135697
0.998936 	 0.625000 	 0.890645 	 0.244736 	 -0.135527
1.001936 	 0.627500 	 0.890967 	 0.245182 	 -0.137136
1.005936 	 0.630000 	 0.891929 	 0.246519 	 -0.136963
1.009939 	 0.632500 	 0.892891 	 0.247857 	 -0.136786
1.012936 	 0.635000 	 0.893532 	 0.248750 	 -0.137500
1.015938 	 0.637500 	 0.894172 	 0.249644 	 -0.138212
1.018937 	 0.640000 	 0.894812 	 0.250538 	 -0.138924
1.021938 	 0.642500 	 0.895451 	 0.251433 	 -0.139634
1.024938 	 0.645000 	 0.895771 	 0.251881 	 -0.141238
1.027938 	 0.647500 	 0.896729 	 0.253225 	 -0.141050
1.030936 	 0.650000 	 0.897367 	 0.254122 	 -0.141756
1.034935 	 0.652500 	 0.898004 	 0.255019 	 -0.142461
1.037935 	 0.655000 	 0.898323 	 0.255468 	 -0.144063
1.040935 	 0.657500 	 0.898959 	 0.256367 	 -0.144766
1.043934 	 0.660000 	 0.899595 	 0.257266 	 -0.145468
1.046938 	 0.662500 	 0.900231 	 0.258166 	 -0.146168
1.049935 	 0.665000 	 0.901183 	 0.259066 	 -0.145967
1.053932 	 0.667500 	 0.902134 	 0.260869 	 -0.145762
1.056934 	 0.670000 	 0.902450 	 0.261320 	 -0.147360
1.060933 	 0.672500 	 0.903399 	 0.262674 	 -0.147152
1.063933 	 0.675000 	 0.904031 	 0.263578 	 -0.147845
1.067934 	 0.677500 	 0.904978 	 0.264934 	 -0.147632
1.071932 	 0.680000 	 0.905293 	 0.265387 	 -0.149227
1.075934 	 0.682500 	 0.905923 	 0.266292 	 -0.149916
1.079934 	 0.685000 	 0.906552 	 0.267198 	 -0.150604
1.083932 	 0.687500 	 0.907181 	 0.268105 	 -0.151290
1.086935 	 0.690000 	 0.908122 	 0.269466 	 -0.151068
1.089930 	 0.692500 	 0.908435 	 0.269920 	 -0.152660
1.093931 	 0.695000 	 0.909062 	 0.270829 	 -0.153342
1.096934 	 0.697500 	 0.909687 	 0.271738 	 -0.154024
1.099932 	 0.700000 	 0.910312 	 0.272648 	 -0.154704
1.102930 	 0.702500 	 0.910936 	 0.273558 	 -0.155383
1.106929 	 0.705000 	 0.912182 	 0.275381 	 -0.154238
1.110929 	 0.707500 	 0.912803 	 0.276293 	 -0.154913
1.113930 	 0.710000 	 0.913113 	 0.276750 	 -0.156500
1.116928 	 0.712500 	 0.913424 	 0.277206 	 -0.158087
1.119932 	 0.715000 	 0.914663 	 0.279034 	 -0.156932
1.122930 	 0.717500 	 0.914972 	 0.279492 	 -0.158517
1.125928 	 0.720000 	 0.915589 	 0.280407 	 -0.159187
1.128932 	 0.722500 	 0.916206 	 0.281322 	 -0.159855
1.131930 	 0.725000 	 0.916514 	 0.281780 	 -0.161439
1.135927 	 0.727500 	 0.917437 	 0.283156 	 -0.161189
1.139929 	 0.730000 	 0.918357 	 0.284532 	 -0.160935
1.142931 	 0.732500 	 0.918664 	 0.284992 	 -0.162517
1.145928 	 0.735000 	 0.919275 	 0.285910 	 -0.163179
1.149928 	 0.737500 	 0.920496 	 0.287750 	 -0.162000
1.153928 	 0.740000 	 0.921105 	 0.288670 	 -0.162659
1.157928 	 0.742500 	 0.921713 	 0.289131 	 -0.163317
1.161926 	 0.745000 	 0.922320 	 0.290514 	 -0.163973
1.164926 	 0.747500 	 0.922926 	 0.291436 	 -0.164628
1.167929 	 0.750000 	 0.923832 	 0.292821 	 -0.164358
1.170928 	 0.752500 	 0.924134 	 0.293283 	 -0.165934
1.174925 	 0.755000 	 0.925037 	 0.294669 	 -0.165661
1.177930 	 0.757500 	 0.925638 	 0.295595 	 -0.166311
1.180924 	 0.760000 	 0.926237 	 0.296520 	 -0.166959
1.183929 	 0.762500 	 0.926836 	 0.297447 	 -0.168533
1.186931 	 0.765000 	 0.927134 	 0.297910 	 -0.169180
1.189925 	 0.767500 	 0.927731 	 0.298838 	 -0.169825
1.193930 	 0.770000 	 0.928624 	 0.300230 	 -0.169541
1.196925 	 0.772500 	 0.928921 	 0.300694 	 -0.171112
1.199929 	 0.775000 	 0.929217 	 0.301158 	 -0.172683
1.202927 	 0.777500 	 0.929809 	 0.302088 	 -0.173325
1.205926 	 0.780000 	 0.930105 	 0.302553 	 -0.174895
1.208929 	 0.782500 	 0.931284 	 0.304414 	 -0.173673
1.211926 	 0.785000 	 0.931578 	 0.304879 	 -0.175241
1.215929 	 0.787500 	 0.932459 	 0.305811 	 -0.175878
1.218927 	 0.790000 	 0.933044 	 0.307210 	 -0.175581
1.221927 	 0.792500 	 0.933627 	 0.308143 	 -0.176214
1.225923 	 0.795000 	 0.934210 	 0.309077 	 -0.176847
1.229961 	 0.797500 	 0.935080 	 0.310478 	 -0.176543
1.232954 	 0.800000 	 0.935659 	 0.311414 	 -0.177173
1.235954 	 0.802500 	 0.935948 	 0.312349 	 -0.178737
1.238950 	 0.805000 	 0.936525 	 0.312818 	 -0.179365
1.241950 	 0.807500 	 0.937100 	 0.313754 	 -0.179991
1.244949 	 0.810000 	 0.937673 	 0.314692 	 -0.180617
1.248950 	 0.812500 	 0.938246 	 0.315629 	 -0.181241
1.251951 	 0.815000 	 0.939385 	 0.317507 	 -0.179987
1.255950 	 0.817500 	 0.939953 	 0.318446 	 -0.181547
1.258950 	 0.820000 	 0.940519 	 0.319386 	 -0.181227
1.261954 	 0.822500 	 0.941083 	 0.320327 	 -0.181846
1.264925 	 0.825000 	 0.941365 	 0.320797 	 -0.183405
1.268920 	 0.827500 	 0.941927 	 0.321739 	 -0.184022
1.272950 	 0.830000 	 0.942767 	 0.323152 	 -0.183695
1.275949 	 0.832500 	 0.943325 	 0.324095 	 -0.184310
1.279923 	 0.835000 	 0.943881 	 0.325039 	 -0.184923
1.282972 	 0.837500 	 0.944436 	 0.325983 	 -0.185535
1.285919 	 0.840000 	 0.944989 	 0.326927 	 -0.186145
1.288940 	 0.842500 	 0.945815 	 0.328345 	 -0.185810
1.292959 	 0.845000 	 0.946363 	 0.329291 	 -0.186418
1.296919 	 0.847500 	 0.947183 	 0.330711 	 -0.186078
1.299935 	 0.850000 	 0.947998 	 0.332132 	 -0.185735
1.302966 	 0.852500 	 0.948269 	 0.332606 	 -0.187287
1.305960 	 0.855000 	 0.948809 	 0.333555 	 -0.187891
1.308970 	 0.857500 	 0.949616 	 0.334978 	 -0.187543
1.311971 	 0.860000 	 0.950152 	 0.335928 	 -0.188144
1.314970 	 0.862500 	 0.950952 	 0.337354 	 -0.187793
1.317921 	 0.865000 	 0.951483 	 0.338305 	 -0.188391
1.320971 	 0.867500 	 0.951748 	 0.338780 	 -0.189939
1.323916 	 0.870000 	 0.952276 	 0.339732 	 -0.190535
1.326977 	 0.872500 	 0.953065 	 0.341161 	 -0.190178
1.329922 	 0.875000 	 0.953326 	 0.341638 	 -0.191725
1.333920 	 0.877500 	 0.953848 	 0.342591 	 -0.192318
1.336958 	 0.880000 	 0.954369 	 0.343545 	 -0.192910
1.339978 	 0.882500 	 0.954887 	 0.344500 	 -0.193501
1.342987 	 0.885000 	 0.955403 	 0.345455 	 -0.194091
1.345966 	 0.887500 	 0.955917 	 0.346410 	 -0.194680
1.348923 	 0.890000 	 0.956684 	 0.347844 	 -0.194311
1.351923 	 0.892500 	 0.957192 	 0.348801 	 -0.194897
1.355968 	 0.895000 	 0.957951 	 0.350237 	 -0.194525
1.358963 	 0.897500 	 0.958455 	 0.351196 	 -0.195109
1.362917 	 0.900000 	 0.958956 	 0.352154 	 -0.195692
1.365975 	 0.902500 	 0.959703 	 0.353593 	 -0.195314
1.368968 	 0.905000 	 0.960199 	 0.354553 	 -0.195895
1.371967 	 0.907500 	 0.960446 	 0.355033 	 -0.197434
1.374960 	 0.910000 	 0.960938 	 0.355993 	 -0.198013
1.378914 	 0.912500 	 0.961672 	 0.357435 	 -0.197630
1.381914 	 0.915000 	 0.962159 	 0.358397 	 -0.198206
1.384917 	 0.917500 	 0.962401 	 0.358878 	 -0.199744
1.387913 	 0.920000 	 0.962884 	 0.359841 	 -0.200319
1.390960 	 0.922500 	 0.963365 	 0.360804 	 -0.200893
1.393956 	 0.925000 	 0.963843 	 0.361767 	 -0.201466
1.396912 	 0.927500 	 0.964319 	 0.362731 	 -0.202038
1.400966 	 0.930000 	 0.965029 	 0.364178 	 -0.201644
1.404965 	 0.932500 	 0.965733 	 0.365626 	 -0.201249
1.407965 	 0.935000 	 0.965966 	 0.366109 	 -0.202783
1.410915 	 0.937500 	 0.966663 	 0.367558 	 -0.202384
1.413923 	 0.940000 	 0.967124 	 0.368525 	 -0.202951
1.416975 	 0.942500 	 0.967354 	 0.369008 	 -0.204483
1.419965 	 0.945000 	 0.967811 	 0.369976 	 -0.205049
1.422964 	 0.947500 	 0.968493 	 0.371428 	 -0.204644
1.425952 	 0.950000 	 0.968718 	 0.371912 	 -0.206176
1.429954 	 0.952500 	 0.969168 	 0.372881 	 -0.206738
1.433953 	 0.955000 	 0.969392 	 0.373365 	 -0.208269
1.436963 	 0.957500 	 0.969838 	 0.374335 	 -0.208830
1.439963 	 0.960000 	 0.970282 	 0.375305 	 -0.209390
1.443966 	 0.962500 	 0.970942 	 0.376761 	 -0.208979
1.446963 	 0.965000 	 0.971378 	 0.377732 	 -0.209537
1.449910 	 0.967500 	 0.971812 	 0.378703 	 -0.210094
1.452979 	 0.970000 	 0.972028 	 0.379189 	 -0.211622
1.455962 	 0.972500 	 0.972672 	 0.380647 	 -0.211205
1.459962 	 0.975000 	 0.973098 	 0.381620 	 -0.211760
1.463908 	 0.977500 	 0.973521 	 0.382593 	 -0.212313
1.466964 	 0.980000 	 0.973732 	 0.383080 	 -0.213840
1.469959 	 0.982500 	 0.974359 	 0.384541 	 -0.213418
1.472911 	 0.985000 	 0.974567 	 0.385028 	 -0.214943
1.476971 	 0.987500 	 0.975186 	 0.386490 	 -0.214519
1.480907 	 0.990000 	 0.975799 	 0.387954 	 -0.214093
1.483948 	 0.992500 	 0.976204 	 0.388929 	 -0.214641
1.486960 	 0.995000 	 0.976606 	 0.389906 	 -0.215189
1.489960 	 0.997500 	 0.977005 	 0.390882 	 -0.215735
1.493960 	 1.000000 	 0.977598 	 0.392348 	 -0.215303
1.496949 	 1.002500 	 0.977990 	 0.393326 	 -0.215848
1.500959 	 1.005000 	 0.978572 	 0.394793 	 -0.215414
1.503959 	 1.007500 	 0.978765 	 0.395283 	 -0.216935
1.507959 	 1.010000 	 0.979527 	 0.397241 	 -0.216498
1.511959 	 1.012500 	 0.979904 	 0.398220 	 -0.216060
1.514906 	 1.015000 	 0.980464 	 0.399690 	 -0.215619
1.518905 	 1.017500 	 0.980833 	 0.400671 	 -0.216158
1.521948 	 1.020000 	 0.981381 	 0.402142 	 -0.215715
1.524958 	 1.022500 	 0.981562 	 0.402633 	 -0.217234
1.528958 	 1.025000 	 0.982279 	 0.404597 	 -0.215806
1.531950 	 1.027500 	 0.982456 	 0.405088 	 -0.217324
1.534906 	 1.030000 	 0.982808 	 0.406070 	 -0.217859
1.537910 	 1.032500 	 0.983330 	 0.407545 	 -0.217410
1.541911 	 1.035000 	 0.983503 	 0.408037 	 -0.218927
1.544910 	 1.037500 	 0.983845 	 0.409020 	 -0.219460
1.547903 	 1.040000 	 0.984185 	 0.410004 	 -0.219992
1.550927 	 1.042500 	 0.984688 	 0.411481 	 -0.219539
1.553973 	 1.045000 	 0.985019 	 0.412465 	 -0.220069
1.556945 	 1.047500 	 0.985347 	 0.413451 	 -0.220599
1.560958 	 1.050000 	 0.985672 	 0.414436 	 -0.221128
1.563951 	 1.052500 	 0.986152 	 0.415915 	 -0.220671
1.566959 	 1.055000 	 0.986469 	 0.416901 	 -0.221198
1.569947 	 1.057500 	 0.986626 	 0.417394 	 -0.222712
1.572955 	 1.060000 	 0.986937 	 0.418381 	 -0.223238
1.575907 	 1.062500 	 0.987398 	 0.419368 	 -0.223764
1.578905 	 1.065000 	 0.987550 	 0.420355 	 -0.224290
1.581902 	 1.067500 	 0.988001 	 0.421837 	 -0.223826
1.584950 	 1.070000 	 0.988444 	 0.423319 	 -0.223362
1.588902 	 1.072500 	 0.988589 	 0.423813 	 -0.224874
1.599901 	 1.075000 	 0.989022 	 0.425296 	 -0.224407
1.602901 	 1.077500 	 0.989165 	 0.425791 	 -0.225918
1.606939 	 1.080000 	 0.989587 	 0.427275 	 -0.225450
1.609901 	 1.082500 	 0.989726 	 0.427770 	 -0.226961
1.613898 	 1.085000 	 0.990138 	 0.429254 	 -0.226491
1.616923 	 1.087500 	 0.990675 	 0.431235 	 -0.225030
1.619933 	 1.090000 	 0.990938 	 0.432226 	 -0.225548
1.622931 	 1.092500 	 0.991068 	 0.432721 	 -0.227057
1.625931 	 1.095000 	 2.000000 	 0.433712 	 -0.227575
1.628897 	 1.097500 	 0.991580 	 0.434704 	 -0.228092
1.632933 	 1.100000 	 0.991955 	 0.436191 	 -0.227617
1.635931 	 1.102500 	 0.992078 	 0.436687 	 -0.229125
1.638931 	 1.105000 	 0.992322 	 0.437679 	 -0.229641
1.641930 	 1.107500 	 0.992562 	 0.438672 	 -0.230156
1.644930 	 1.110000 	 0.992915 	 0.440161 	 -0.229678
1.647896 	 1.112500 	 0.993030 	 0.440657 	 -0.231185
1.650930 	 1.115000 	 0.993259 	 0.441650 	 -0.231699
1.653925 	 1.117500 	 0.993596 	 0.443140 	 -0.232213
1.656933 	 1.120000 	 0.993706 	 0.443637 	 -0.232725
1.659895 	 1.122500 	 0.993924 	 0.444631 	 -0.233238
1.662895 	 1.125000 	 0.994032 	 0.445128 	 -0.234744
1.665924 	 1.127500 	 0.994349 	 0.446619 	 -0.234262
1.668929 	 1.130000 	 0.994556 	 0.447614 	 -0.234773
1.671949 	 1.132500 	 0.994759 	 0.448608 	 -0.235284
1.674949 	 1.135000 	 0.994959 	 0.449603 	 -0.235794
1.677937 	 1.137500 	 0.995154 	 0.450598 	 -0.236304
1.680927 	 1.140000 	 0.995346 	 0.451593 	 -0.236814
1.683965 	 1.142500 	 0.995534 	 0.452589 	 -0.237323
1.686949 	 1.145000 	 0.995719 	 0.453584 	 -0.237832
1.689893 	 1.147500 	 0.995988 	 0.455078 	 -0.237344
1.692925 	 1.150000 	 0.996163 	 0.456074 	 -0.237852
1.695898 	 1.152500 	 0.996334 	 0.457070 	 -0.238360
1.699926 	 1.155000 	 0.996418 	 0.457568 	 -0.239863
1.702951 	 1.157500 	 0.996584 	 0.458565 	 -0.240370
1.705922 	 1.160000 	 0.996745 	 0.459561 	 -0.240877
1.709947 	 1.162500 	 0.996981 	 0.461057 	 -0.240387
1.712902 	 1.165000 	 0.997133 	 0.462054 	 -0.240893
1.715920 	 1.167500 	 0.997281 	 0.463051 	 -0.241398
1.718946 	 1.170000 	 0.997425 	 0.464048 	 -0.241904
1.722934 	 1.172500 	 0.997702 	 0.466043 	 -0.240414
1.725934 	 1.175000 	 0.997769 	 0.466542 	 -0.241916
1.729947 	 1.177500 	 0.998026 	 0.468538 	 -0.240424
1.732892 	 1.180000 	 0.998088 	 0.469037 	 -0.241926
1.736958 	 1.182500 	 0.998268 	 0.470534 	 -0.241432
1.739934 	 1.185000 	 0.998326 	 0.471033 	 -0.242934
1.742944 	 1.187500 	 0.998383 	 0.471532 	 -0.244435
1.745936 	 1.190000 	 0.998494 	 0.472531 	 -0.244938
1.748951 	 1.192500 	 0.998602 	 0.473529 	 -0.245441
1.751920 	 1.195000 	 0.998705 	 0.474528 	 -0.245944
1.754967 	 1.197500 	 0.998804 	 0.475527 	 -0.246447
1.757943 	 1.200000 	 0.998852 	 0.476026 	 -0.247948
1.761933 	 1.202500 	 0.999035 	 0.478024 	 -0.246452
1.764978 	 1.205000 	 0.999121 	 0.479023 	 -0.247953
1.767945 	 1.207500 	 0.999162 	 0.479522 	 -0.248455
1.770943 	 1.210000 	 0.999242 	 0.480522 	 -0.248957
1.773931 	 1.212500 	 0.999354 	 0.482021 	 -0.248459
1.776942 	 1.215000 	 0.999389 	 0.482520 	 -0.249959
1.779942 	 1.217500 	 0.999457 	 0.483520 	 -0.250461
1.783942 	 1.220000 	 0.999551 	 0.485019 	 -0.249962
1.786941 	 1.222500 	 0.999581 	 0.485519 	 -0.251463
1.790931 	 1.225000 	 0.999663 	 0.487018 	 -0.250964
1.793893 	 1.227500 	 0.999689 	 0.487518 	 -0.252464
1.797894 	 1.230000 	 0.999759 	 0.489018 	 -0.251965
1.801893 	 1.232500 	 0.999801 	 0.490017 	 -0.252465
1.805940 	 1.235000 	 0.999856 	 0.491517 	 -0.251966
1.808940 	 1.237500 	 0.999888 	 0.492517 	 -0.252466
1.811940 	 1.240000 	 0.999916 	 0.493517 	 -0.252966
1.814890 	 1.242500 	 0.999940 	 0.494517 	 -0.253467
1.818944 	 1.245000 	 0.999960 	 0.495517 	 -0.253967
1.821929 	 1.247500 	 0.999976 	 0.496517 	 -0.254467
1.824942 	 1.250000 	 0.999992 	 0.498017 	 -0.253967
1.827940 	 1.252500 	 0.999998 	 0.499017 	 -0.254467
1.830941 	 1.255000 	 1.000000 	 0.500017 	 -0.254967
1.834939 	 1.257500 	 0.999998 	 0.501017 	 -0.255467
1.837939 	 1.260000 	 0.999992 	 0.502017 	 -0.255967
1.840939 	 1.262500 	 0.999975 	 0.503517 	 -0.255467
1.842938 	 1.265000 	 0.999975 	 0.503517 	 -0.255467
1.845888 	 1.267500 	 0.999959 	 0.504517 	 -0.258467
1.849944 	 1.270000 	 0.999939 	 0.505516 	 -0.258967
1.853927 	 1.272500 	 0.999915 	 0.506516 	 -0.259467
1.856926 	 1.275000 	 0.999902 	 0.507016 	 -0.260967
1.860937 	 1.277500 	 0.999837 	 0.509016 	 -0.259468
1.863883 	 1.280000 	 0.999819 	 0.509516 	 -0.260968
1.867937 	 1.282500 	 0.999735 	 0.511516 	 -0.259469
1.870926 	 1.285000 	 0.999711 	 0.512015 	 -0.260969
1.874885 	 1.287500 	 0.999635 	 0.513515 	 -0.260470
1.878937 	 1.290000 	 0.999579 	 0.514515 	 -0.260971
1.881887 	 1.292500 	 0.999549 	 0.515014 	 -0.262471
1.884886 	 1.295000 	 0.999519 	 0.515514 	 -0.263972
1.887925 	 1.297500 	 2.000000 	 0.516514 	 -0.264473
1.890883 	 1.300000 	 0.999387 	 0.517513 	 -0.264974
1.893886 	 1.302500 	 0.999278 	 0.519012 	 -0.264476
1.896882 	 1.305000 	 0.999200 	 0.520011 	 -0.264977
1.900886 	 1.307500 	 0.999118 	 0.521011 	 -0.265479
1.903888 	 1.310000 	 0.998988 	 0.522509 	 -0.264982
1.906884 	 1.312500 	 0.998943 	 0.523009 	 -0.266483
1.909927 	 1.315000 	 0.998897 	 0.523508 	 -0.267984
1.912883 	 1.317500 	 0.998801 	 0.524507 	 -0.268486
1.915927 	 1.320000 	 0.998650 	 0.526005 	 -0.267990
1.918928 	 1.322500 	 0.998598 	 0.526505 	 -0.269491
1.921928 	 1.325000 	 0.998491 	 0.527503 	 -0.269994
1.925926 	 1.327500 	 0.998379 	 0.528502 	 -0.270497
1.928926 	 1.330000 	 0.998205 	 0.529999 	 -0.270002
1.931926 	 1.332500 	 0.998145 	 0.530498 	 -0.271504
1.934927 	 1.335000 	 0.998022 	 0.531496 	 -0.272008
1.938913 	 1.337500 	 0.997830 	 0.532993 	 -0.271514
1.941924 	 1.340000 	 0.997764 	 0.533492 	 -0.273016
1.944925 	 1.342500 	 0.997629 	 0.534490 	 -0.273520
1.948880 	 1.345000 	 0.997491 	 0.535487 	 -0.274025
1.951925 	 1.347500 	 0.997348 	 0.536485 	 -0.274530
1.954935 	 1.350000 	 0.997202 	 0.537482 	 -0.275036
1.957916 	 1.352500 	 0.997052 	 0.538479 	 -0.275541
1.960916 	 1.355000 	 0.996819 	 0.539975 	 -0.275050
1.963890 	 1.357500 	 0.996740 	 0.540473 	 -0.276554
1.966916 	 1.360000 	 0.996578 	 0.541470 	 -0.277060
1.969877 	 1.362500 	 0.996496 	 0.541968 	 -0.278564
1.973914 	 1.365000 	 0.996413 	 0.542466 	 -0.280067
1.977875 	 1.367500 	 0.996157 	 0.543961 	 -0.279578
1.981876 	 1.370000 	 0.995893 	 0.545455 	 -0.279090
1.984877 	 1.372500 	 0.995803 	 0.545953 	 -0.280594
1.987875 	 1.375000 	 0.995528 	 0.547447 	 -0.280107
1.990874 	 1.377500 	 0.995340 	 0.548442 	 -0.280616
1.994874 	 1.380000 	 0.995244 	 0.548940 	 -0.282121
1.997874 	 1.382500 	 0.994952 	 0.550432 	 -0.281635
2.000875 	 1.385000 	 0.994651 	 0.551925 	 -0.281151
2.004913 	 1.387500 	 0.994342 	 0.553417 	 -0.280667
2.007912 	 1.390000 	 0.994131 	 0.554411 	 -0.281178
2.011906 	 1.392500 	 0.994024 	 0.554908 	 -0.282684
2.014875 	 1.395000 	 0.993808 	 0.555902 	 -0.283196
2.017874 	 1.397500 	 0.993588 	 0.556896 	 -0.283709
2.020874 	 1.400000 	 0.993251 	 0.558386 	 -0.283228
2.024874 	 1.402500 	 0.992906 	 0.559876 	 -0.282749
2.027909 	 1.405000 	 0.992671 	 0.560868 	 -0.283263
2.030878 	 1.407500 	 0.992553 	 0.561365 	 -0.284771
2.033873 	 1.410000 	 0.992313 	 0.562357 	 -0.285286
2.037873 	 1.412500 	 0.991946 	 0.563845 	 -0.284809
2.040873 	 1.415000 	 0.991697 	 0.564837 	 -0.285325
2.043874 	 1.417500 	 0.991188 	 0.566820 	 -0.283859
2.046873 	 1.420000 	 0.991058 	 0.567316 	 -0.285368
2.049873 	 1.422500 	 0.990797 	 0.568307 	 -0.285886
2.052873 	 1.425000 	 0.990665 	 0.568802 	 -0.287395
2.055872 	 1.427500 	 0.990398 	 0.569793 	 -0.287914
2.058873 	 1.430000 	 0.990263 	 0.570288 	 -0.289424
2.061873 	 1.432500 	 0.989991 	 0.571278 	 -0.289943
2.064873 	 1.435000 	 0.989576 	 0.572763 	 -0.289474
2.067869 	 1.437500 	 0.989436 	 0.573258 	 -0.290984
2.071870 	 1.440000 	 0.989154 	 0.574247 	 -0.291505
2.074869 	 1.442500 	 0.989011 	 0.574742 	 -0.293016
2.078870 	 1.445000 	 0.988723 	 0.575731 	 -0.293538
2.081870 	 1.447500 	 0.988285 	 0.577214 	 -0.293073
2.084909 	 1.450000 	 0.987989 	 0.578202 	 -0.293596
2.087907 	 1.452500 	 0.987689 	 0.579190 	 -0.294120
2.090908 	 1.455000 	 0.987386 	 0.580177 	 -0.294645
2.093906 	 1.457500 	 0.987079 	 0.581165 	 -0.295171
2.096867 	 1.460000 	 0.986769 	 0.582152 	 -0.295697
2.099869 	 1.462500 	 0.986456 	 0.583138 	 -0.296223
2.103906 	 1.465000 	 0.986298 	 0.583632 	 -0.297737
2.106904 	 1.467500 	 0.985980 	 0.584618 	 -0.298264
2.110905 	 1.470000 	 0.985496 	 0.586097 	 -0.297807
2.113868 	 1.472500 	 0.985005 	 0.587575 	 -0.297351
2.117868 	 1.475000 	 0.984674 	 0.588560 	 -0.297881
2.121867 	 1.477500 	 0.984002 	 0.590528 	 -0.296443
2.124905 	 1.480000 	 0.983831 	 0.591020 	 -0.297959
2.128906 	 1.482500 	 0.983316 	 0.592496 	 -0.297508
2.132865 	 1.485000 	 0.982969 	 0.593479 	 -0.298042
2.135903 	 1.487500 	 0.982264 	 0.595445 	 -0.296611
2.138907 	 1.490000 	 0.982086 	 0.595936 	 -0.298129
2.141905 	 1.492500 	 0.981727 	 0.596918 	 -0.298665
2.144904 	 1.495000 	 0.981366 	 0.597899 	 -0.299201
2.147866 	 1.497500 	 0.981001 	 0.598881 	 -0.299739
2.150903 	 1.500000 	 0.980448 	 0.600352 	 -0.299296
2.154865 	 1.502500 	 0.980262 	 0.600842 	 -0.300816
2.157863 	 1.505000 	 0.979888 	 0.601822 	 -0.301356
2.160901 	 1.507500 	 0.979511 	 0.602802 	 -0.301896
2.163864 	 1.510000 	 0.979131 	 0.603781 	 -0.302437
2.166864 	 1.512500 	 0.978940 	 0.604271 	 -0.303958
2.169863 	 1.515000 	 0.978362 	 0.605739 	 -0.303522
2.172863 	 1.517500 	 0.977973 	 0.606717 	 -0.304065
2.175903 	 1.520000 	 0.977581 	 0.607695 	 -0.304610
2.178863 	 1.522500 	 0.977186 	 0.608673 	 -0.305155
2.181865 	 1.525000 	 0.976588 	 0.610138 	 -0.304724
2.184902 	 1.527500 	 2.000000 	 0.610626 	 -0.306247
2.187899 	 1.530000 	 0.975983 	 0.611603 	 -0.306795
2.190901 	 1.532500 	 0.975373 	 0.613066 	 -0.306367
2.193900 	 1.535000 	 0.974962 	 0.614042 	 -0.306917
2.196862 	 1.537500 	 0.974548 	 0.615017 	 -0.307467
2.199861 	 1.540000 	 2.000000 	 0.615991 	 -0.308992
2.203917 	 1.542500 	 0.973502 	 0.617452 	 -0.307596
2.206899 	 1.545000 	 0.973290 	 0.617939 	 -0.309123
2.209898 	 1.547500 	 0.972866 	 0.618912 	 -0.309676
2.213861 	 1.550000 	 0.972438 	 0.619885 	 -0.310231
2.216860 	 1.552500 	 0.971792 	 0.621343 	 -0.309814
2.220862 	 1.555000 	 0.971139 	 0.622800 	 -0.309399
2.223900 	 1.557500 	 0.970481 	 0.624257 	 -0.308987
2.226897 	 1.560000 	 0.970039 	 0.625227 	 -0.309546
2.230897 	 1.562500 	 0.969370 	 0.626682 	 -0.309137
2.233862 	 1.565000 	 0.968922 	 0.627651 	 -0.309698
2.236859 	 1.567500 	 0.968696 	 0.628135 	 -0.311229
2.240897 	 1.570000 	 0.968016 	 0.629588 	 -0.310824
2.243858 	 1.572500 	 0.967560 	 0.630556 	 -0.311388
2.247860 	 1.575000 	 0.967331 	 0.631040 	 -0.312920
2.250861 	 1.577500 	 0.966639 	 0.632490 	 -0.312519
2.253858 	 1.580000 	 0.966408 	 0.632974 	 -0.314052
2.256861 	 1.582500 	 0.966175 	 0.633457 	 -0.315586
2.259860 	 1.585000 	 0.965709 	 0.634423 	 -0.316154
2.262859 	 1.587500 	 0.965240 	 0.635389 	 -0.316723
2.265859 	 1.590000 	 0.964769 	 0.636354 	 -0.317292
2.268859 	 1.592500 	 0.964295 	 0.637318 	 -0.317863
2.270859 	 1.595000 	 0.963819 	 0.638283 	 -0.319399
2.274915 	 1.597500 	 0.963340 	 0.639246 	 -0.319007
2.277856 	 1.600000 	 0.962859 	 0.640210 	 -0.319581
2.280869 	 1.602500 	 0.962376 	 0.641172 	 -0.320155
2.284896 	 1.605000 	 0.961890 	 0.642135 	 -0.320731
2.287871 	 1.607500 	 0.961647 	 0.642615 	 -0.322269
2.290894 	 1.610000 	 0.961402 	 0.643096 	 -0.323807
2.293894 	 1.612500 	 0.960912 	 0.644058 	 -0.324385
2.296855 	 1.615000 	 0.960173 	 0.645499 	 -0.324003
2.299894 	 1.617500 	 0.959677 	 0.646459 	 -0.324583
2.302893 	 1.620000 	 0.958929 	 0.647898 	 -0.324204
2.305906 	 1.622500 	 0.958678 	 0.648377 	 -0.325746
2.308893 	 1.625000 	 0.957924 	 0.649815 	 -0.325370
2.311893 	 1.627500 	 0.957671 	 0.650294 	 -0.326912
2.314854 	 1.630000 	 0.957164 	 0.651251 	 -0.327497
2.317891 	 1.632500 	 0.956655 	 0.652208 	 -0.328083
2.320855 	 1.635000 	 0.956144 	 0.653165 	 -0.328670
2.323893 	 1.637500 	 0.955374 	 0.654599 	 -0.328302
2.326890 	 1.640000 	 0.954858 	 0.655554 	 -0.328892
2.330891 	 1.642500 	 0.954079 	 0.656986 	 -0.328528
2.333855 	 1.645000 	 0.953819 	 0.657463 	 -0.330074
2.337854 	 1.647500 	 0.953035 	 0.658893 	 -0.329713
2.341854 	 1.650000 	 0.951982 	 0.660799 	 -0.328403
2.344907 	 1.652500 	 0.951717 	 0.661275 	 -0.329951
2.347853 	 1.655000 	 0.951187 	 0.662226 	 -0.330548
2.350890 	 1.657500 	 0.950921 	 0.662702 	 -0.332097
2.354889 	 1.660000 	 0.950121 	 0.664128 	 -0.331745
2.358888 	 1.662500 	 0.949047 	 0.666027 	 -0.330446
2.362852 	 1.665000 	 0.948777 	 0.666502 	 -0.331997
2.366888 	 1.667500 	 0.947965 	 0.667924 	 -0.331651
2.370853 	 1.670000 	 0.947150 	 0.669346 	 -0.331308
2.373890 	 1.672500 	 0.946330 	 0.670766 	 -0.330967
2.377891 	 1.675000 	 0.945781 	 0.671713 	 -0.331575
2.380850 	 1.677500 	 0.945506 	 0.672185 	 -0.333129
2.383849 	 1.680000 	 0.944955 	 0.673131 	 -0.333738
2.386850 	 1.682500 	 0.944678 	 0.673603 	 -0.335294
2.389850 	 1.685000 	 0.944124 	 0.674548 	 -0.335904
2.392849 	 1.687500 	 0.943290 	 0.675964 	 -0.335573
2.395849 	 1.690000 	 0.943011 	 0.676435 	 -0.337130
2.399850 	 1.692500 	 0.941892 	 0.678320 	 -0.335859
2.402905 	 1.695000 	 0.941611 	 0.678791 	 -0.337417
2.405848 	 1.697500 	 0.941048 	 0.679733 	 -0.338034
2.408887 	 1.700000 	 0.940483 	 0.680674 	 -0.338653
2.411886 	 1.702500 	 0.939633 	 0.682084 	 -0.338332
2.414849 	 1.705000 	 0.939349 	 0.682554 	 -0.339892
2.417849 	 1.707500 	 0.938779 	 0.683493 	 -0.340514
2.420847 	 1.710000 	 0.938208 	 0.684432 	 -0.341137
2.424847 	 1.712500 	 0.937349 	 0.685839 	 -0.340823
2.427896 	 1.715000 	 0.937062 	 0.686307 	 -0.342386
2.430885 	 1.717500 	 0.936487 	 0.687244 	 -0.343012
2.433848 	 1.720000 	 0.935910 	 0.688180 	 -0.343639
2.437885 	 1.722500 	 0.935042 	 0.689584 	 -0.343332
2.440848 	 1.725000 	 0.934752 	 0.690051 	 -0.344897
2.443884 	 1.727500 	 0.934461 	 0.690519 	 -0.346462
2.446846 	 1.730000 	 0.933588 	 0.691920 	 -0.346160
2.449885 	 1.732500 	 0.933004 	 0.692854 	 -0.346793
2.452885 	 1.735000 	 2.000000 	 0.693786 	 -0.347427
2.456884 	 1.737500 	 0.931538 	 0.695185 	 -0.348063
2.459884 	 1.740000 	 0.931244 	 0.695650 	 -0.348699
2.462890 	 1.742500 	 0.930655 	 0.696581 	 -0.349337
2.465844 	 1.745000 	 0.930064 	 0.697512 	 -0.349976
2.468884 	 1.747500 	 0.929472 	 0.698442 	 -0.350616
2.471884 	 1.750000 	 0.928582 	 0.699836 	 -0.350329
2.474883 	 1.752500 	 0.928285 	 0.700300 	 -0.351900
2.477881 	 1.755000 	 0.927689 	 0.701228 	 -0.352544
2.481846 	 1.757500 	 0.926793 	 0.702619 	 -0.352262
2.484881 	 1.760000 	 0.926494 	 0.703083 	 -0.353835
2.488882 	 1.762500 	 0.925294 	 0.704935 	 -0.352631
2.491880 	 1.765000 	 0.924994 	 0.705397 	 -0.354206
2.495842 	 1.767500 	 0.924392 	 0.706322 	 -0.354856
2.499842 	 1.770000 	 0.923486 	 0.707708 	 -0.354584
2.502882 	 1.772500 	 0.922881 	 0.708632 	 -0.355237
2.505882 	 1.775000 	 0.922275 	 0.709554 	 -0.355891
2.508882 	 1.777500 	 0.921364 	 0.710937 	 -0.355626
2.511880 	 1.780000 	 0.921060 	 0.711398 	 -0.357204
2.514843 	 1.782500 	 2.000000 	 0.712319 	 -0.357862
2.517845 	 1.785000 	 0.919535 	 0.713699 	 -0.357602
2.520843 	 1.787500 	 0.919229 	 0.714159 	 -0.359182
2.523844 	 1.790000 	 0.918617 	 0.715078 	 -0.359844
2.527880 	 1.792500 	 0.918004 	 0.715996 	 -0.360507
2.530841 	 1.795000 	 0.917390 	 0.716914 	 -0.361172
2.533880 	 1.797500 	 0.916775 	 0.717831 	 -0.361837
2.537845 	 1.800000 	 0.916159 	 0.718748 	 -0.362504
2.540843 	 1.802500 	 0.915233 	 0.720122 	 -0.362256
2.543842 	 1.805000 	 0.914924 	 0.720579 	 -0.363841
2.546840 	 1.807500 	 0.914305 	 0.721494 	 -0.364512
2.550876 	 1.810000 	 0.913375 	 0.722865 	 -0.364270
2.554876 	 1.812500 	 0.912132 	 0.724691 	 -0.363118
2.557877 	 1.815000 	 0.911821 	 0.725147 	 -0.364706
2.560853 	 1.817500 	 0.910886 	 0.726514 	 -0.364471
2.563876 	 1.820000 	 0.910574 	 0.726970 	 -0.366060
2.566840 	 1.822500 	 0.909637 	 0.728335 	 -0.365830
2.569879 	 1.825000 	 0.909324 	 0.728790 	 -0.367420
2.572875 	 1.827500 	 0.908698 	 0.729699 	 -0.368102
2.575875 	 1.830000 	 0.908385 	 0.730154 	 -0.369693
2.578876 	 1.832500 	 0.907757 	 0.731062 	 -0.370376
2.581877 	 1.835000 	 0.907129 	 0.731969 	 -0.371061
2.584875 	 1.837500 	 0.906500 	 0.732876 	 -0.371747
2.587838 	 1.840000 	 0.905556 	 0.734236 	 -0.371529
2.590839 	 1.842500 	 0.904925 	 0.735141 	 -0.372218
2.593838 	 1.845000 	 0.904294 	 0.736046 	 -0.372908
2.596837 	 1.847500 	 0.903978 	 0.736498 	 -0.374504
2.599873 	 1.850000 	 0.903346 	 0.737402 	 -0.375196
2.602874 	 1.852500 	 0.902714 	 0.738305 	 -0.375890
2.606875 	 1.855000 	 0.902080 	 0.739207 	 -0.376585
2.609859 	 1.857500 	 0.901129 	 0.740560 	 -0.376380
2.614837 	 1.860000 	 0.900494 	 0.741461 	 -0.377078
2.618874 	 1.862500 	 0.899541 	 0.742811 	 -0.376877
2.622876 	 1.865000 	 0.898904 	 0.743711 	 -0.377578
2.626836 	 1.867500 	 0.898267 	 0.744610 	 -0.378281
2.629836 	 1.870000 	 0.897311 	 0.745956 	 -0.378087
2.632834 	 1.872500 	 0.896992 	 0.746405 	 -0.379690
2.636834 	 1.875000 	 2.000000 	 0.747302 	 -0.380396
2.639835 	 1.877500 	 0.895715 	 0.748198 	 -0.381104
2.642871 	 1.880000 	 0.894755 	 0.749541 	 -0.380918
2.645833 	 1.882500 	 0.894115 	 0.750436 	 -0.381628
2.649833 	 1.885000 	 0.893475 	 0.751330 	 -0.382340
2.652872 	 1.887500 	 0.892192 	 0.753116 	 -0.381269
2.655852 	 1.890000 	 0.891871 	 0.753562 	 -0.382876
2.658834 	 1.892500 	 0.891229 	 0.754454 	 -0.383593
2.661834 	 1.895000 	 0.890587 	 0.755345 	 -0.384311
2.664834 	 1.897500 	 0.889622 	 0.756680 	 -0.384140
2.667870 	 1.900000 	 0.888979 	 0.757569 	 -0.384861
2.671834 	 1.902500 	 0.888013 	 0.758902 	 -0.384695
2.674834 	 1.905000 	 2.000000 	 0.759346 	 -0.386307
2.678834 	 1.907500 	 0.886402 	 0.760678 	 -0.386145
2.681831 	 1.910000 	 0.886080 	 0.761564 	 -0.386872
2.684870 	 1.912500 	 0.885434 	 0.762450 	 -0.387600
2.687870 	 1.915000 	 0.885112 	 0.762893 	 -0.389215
2.690830 	 1.917500 	 0.884466 	 0.763778 	 -0.389945
2.694830 	 1.920000 	 0.883820 	 0.764662 	 -0.390676
2.698871 	 1.922500 	 0.882851 	 0.765546 	 -0.391409
2.701869 	 1.925000 	 0.882527 	 0.766429 	 -0.392143
2.704870 	 1.927500 	 0.882204 	 0.766870 	 -0.393760
2.707867 	 1.930000 	 0.881557 	 0.767752 	 -0.394496
2.711831 	 1.932500 	 0.880586 	 0.769074 	 -0.394352
2.714869 	 1.935000 	 0.880263 	 0.769514 	 -0.395972
2.717868 	 1.937500 	 0.879615 	 0.770394 	 -0.396712
2.721828 	 1.940000 	 0.878968 	 0.771274 	 -0.397453
2.724867 	 1.942500 	 0.878320 	 0.772152 	 -0.398195
2.727869 	 1.945000 	 0.877672 	 0.773031 	 -0.398939
2.730829 	 1.947500 	 0.877023 	 0.773908 	 -0.399684
2.733867 	 1.950000 	 0.876051 	 0.775223 	 -0.399554
2.737832 	 1.952500 	 0.875078 	 0.776537 	 -0.399426
2.741866 	 1.955000 	 0.874104 	 0.777849 	 -0.399302
2.744829 	 1.957500 	 0.873455 	 0.778723 	 -0.400054
2.747827 	 1.960000 	 0.872806 	 0.779596 	 -0.400808
2.750867 	 1.962500 	 0.871833 	 0.780905 	 -0.400690
2.753844 	 1.965000 	 0.871183 	 0.781777 	 -0.401447
2.757866 	 1.967500 	 0.870534 	 0.782648 	 -0.402205
2.760826 	 1.970000 	 0.869884 	 0.783518 	 -0.402964
2.763869 	 1.972500 	 0.869235 	 0.784388 	 -0.403725
2.766863 	 1.975000 	 0.868585 	 0.785257 	 -0.404487
2.769828 	 1.977500 	 0.868261 	 0.785691 	 -0.406118
2.772865 	 1.980000 	 0.867611 	 0.786559 	 -0.406882
2.775865 	 1.982500 	 0.866961 	 0.787427 	 -0.407647
2.778862 	 1.985000 	 0.866312 	 0.788293 	 -0.408413
2.781828 	 1.987500 	 0.865662 	 0.789159 	 -0.409181
2.784864 	 1.990000 	 0.864363 	 0.790890 	 -0.408220
2.787863 	 1.992500 	 0.864038 	 0.791322 	 -0.409856
2.790825 	 1.995000 	 0.863713 	 0.791754 	 -0.411492
2.794862 	 1.997500 	 0.863064 	 0.792618 	 -0.412265
2.797825 	 2.000000 	 0.862414 	 0.793480 	 -0.413039
2.800826 	 2.002500 	 0.862089 	 0.793912 	 -0.414677
2.803825 	 2.005000 	 0.861440 	 0.794774 	 -0.415453
2.806825 	 2.007500 	 0.860466 	 0.796065 	 -0.415369
2.809825 	 2.010000 	 0.859817 	 0.796926 	 -0.416149
2.812826 	 2.012500 	 0.859492 	 0.797356 	 -0.417789
2.815824 	 2.015000 	 0.858843 	 0.798215 	 -0.418570
2.818826 	 2.017500 	 0.858518 	 0.798644 	 -0.420211
2.821826 	 2.020000 	 0.857545 	 0.799932 	 -0.420137
2.824824 	 2.022500 	 0.857220 	 0.800360 	 -0.421779
2.827825 	 2.025000 	 2.000000 	 0.801217 	 -0.423422
2.830824 	 2.027500 	 0.856247 	 0.801646 	 -0.424209
2.834824 	 2.030000 	 0.855274 	 0.802930 	 -0.424141
2.837823 	 2.032500 	 0.854950 	 0.803357 	 -0.425786
2.840821 	 2.035000 	 0.854302 	 0.804212 	 -0.426576
2.844821 	 2.037500 	 0.853329 	 0.805493 	 -0.426514
2.848822 	 2.040000 	 0.852681 	 0.806346 	 -0.427308
2.852820 	 2.042500 	 0.851386 	 0.807625 	 -0.427251
2.856820 	 2.045000 	 0.850739 	 0.808902 	 -0.427197
2.860822 	 2.047500 	 0.850091 	 0.809752 	 -0.427995
2.863819 	 2.050000 	 0.849121 	 0.811027 	 -0.427946
2.866822 	 2.052500 	 0.848797 	 0.811452 	 -0.429597
2.869821 	 2.055000 	 0.848151 	 0.812300 	 -0.430400
2.872820 	 2.057500 	 0.847504 	 0.813148 	 -0.431204
2.875856 	 2.060000 	 0.846535 	 0.814419 	 -0.431162
2.878859 	 2.062500 	 0.845889 	 0.815265 	 -0.431969
2.881821 	 2.065000 	 0.845243 	 0.816111 	 -0.432778
2.884820 	 2.067500 	 0.844598 	 0.816956 	 -0.433588
2.888820 	 2.070000 	 0.843630 	 0.818223 	 -0.433555
2.891820 	 2.072500 	 0.842986 	 0.819066 	 -0.434368
2.894818 	 2.075000 	 0.842019 	 0.820330 	 -0.434340
2.897819 	 2.077500 	 0.841375 	 0.821172 	 -0.435156
2.901855 	 2.080000 	 0.840731 	 0.822013 	 -0.435974
2.904854 	 2.082500 	 0.840088 	 0.822854 	 -0.436793
2.907855 	 2.085000 	 0.839444 	 0.823694 	 -0.437613
2.910855 	 2.087500 	 0.839123 	 0.824113 	 -0.439273
2.914855 	 2.090000 	 0.837838 	 0.825791 	 -0.438419
2.917857 	 2.092500 	 0.837517 	 0.826209 	 -0.440081
2.920854 	 2.095000 	 0.836554 	 0.827465 	 -0.440069
2.924852 	 2.097500 	 0.835912 	 0.828302 	 -0.440897
2.928817 	 2.100000 	 0.835271 	 0.829137 	 -0.441725
2.931815 	 2.102500 	 0.834630 	 0.829973 	 -0.442555
2.935852 	 2.105000 	 0.833670 	 0.831224 	 -0.442552
2.938855 	 2.107500 	 0.833350 	 0.831641 	 -0.444218
2.943816 	 2.110000 	 0.832390 	 0.832890 	 -0.444219
2.947815 	 2.112500 	 0.831112 	 0.834554 	 -0.443392
2.950854 	 2.115000 	 0.830793 	 0.834970 	 -0.445061
2.954852 	 2.117500 	 0.830155 	 0.835800 	 -0.445899
2.958852 	 2.120000 	 0.828880 	 0.837460 	 -0.445081
2.963820 	 2.122500 	 0.828243 	 0.838288 	 -0.445923
2.967816 	 2.125000 	 0.827288 	 0.839530 	 -0.445939
2.970850 	 2.127500 	 0.826652 	 0.840357 	 -0.446785
2.974852 	 2.130000 	 0.825698 	 0.841597 	 -0.446806
2.978814 	 2.132500 	 0.825063 	 0.842423 	 -0.447655
2.982851 	 2.135000 	 0.824111 	 0.843660 	 -0.447681
2.986814 	 2.137500 	 0.823477 	 0.844484 	 -0.448533
2.990814 	 2.140000 	 0.822527 	 0.845718 	 -0.448563
2.994814 	 2.142500 	 0.821578 	 0.846952 	 -0.448597
2.998812 	 2.145000 	 0.820630 	 0.848184 	 -0.448633
3.002869 	 2.147500 	 0.819999 	 0.849004 	 -0.449492
3.006849 	 2.150000 	 0.819368 	 0.849824 	 -0.450352
3.010850 	 2.152500 	 0.818422 	 0.851052 	 -0.450395
3.015812 	 2.155000 	 0.817477 	 0.852280 	 -0.450441
3.020846 	 2.157500 	 0.816219 	 0.853914 	 -0.449673
3.024812 	 2.160000 	 0.815277 	 0.855137 	 -0.449725
3.028813 	 2.162500 	 0.814650 	 0.855953 	 -0.450595
3.032809 	 2.165000 	 0.814023 	 0.856767 	 -0.451466
3.037808 	 2.167500 	 0.812458 	 0.858801 	 -0.449899
3.041809 	 2.170000 	 0.811832 	 0.859613 	 -0.450774
3.045854 	 2.172500 	 0.810583 	 0.861236 	 -0.450029
3.049814 	 2.175000 	 0.810272 	 0.861641 	 -0.451718
3.053810 	 2.177500 	 0.809337 	 0.862856 	 -0.451788
3.057810 	 2.180000 	 0.808714 	 0.863665 	 -0.452670
3.061810 	 2.182500 	 0.807470 	 0.865281 	 -0.451937
3.065809 	 2.185000 	 0.806849 	 0.866089 	 -0.452822
3.069847 	 2.187500 	 0.806229 	 0.866895 	 -0.453709
3.073806 	 2.190000 	 0.805919 	 0.867299 	 -0.455403
3.077843 	 2.192500 	 0.804680 	 0.868910 	 -0.454681
3.081809 	 2.195000 	 0.803753 	 0.870116 	 -0.454768
3.085809 	 2.197500 	 0.803444 	 0.870518 	 -0.456464
3.090844 	 2.200000 	 0.802209 	 0.872124 	 -0.455752
3.094843 	 2.202500 	 0.801901 	 0.872525 	 -0.457450
3.098842 	 2.205000 	 0.801285 	 0.873327 	 -0.458346
3.103846 	 2.207500 	 0.800055 	 0.874928 	 -0.457643
3.107844 	 2.210000 	 0.799134 	 0.876128 	 -0.457744
3.111842 	 2.212500 	 0.797908 	 0.877725 	 -0.457049
3.115805 	 2.215000 	 0.797601 	 0.878124 	 -0.458751
3.120806 	 2.217500 	 0.796378 	 0.879719 	 -0.458063
3.125843 	 2.220000 	 0.795767 	 0.880515 	 -0.458970
3.129805 	 2.222500 	 0.795157 	 0.881310 	 -0.459879
3.134840 	 2.225000 	 0.793939 	 0.882900 	 -0.459200
3.138840 	 2.227500 	 0.793026 	 0.884090 	 -0.459319
3.141804 	 2.230000 	 0.792722 	 0.884487 	 -0.461026
3.146805 	 2.232500 	 0.791509 	 0.886071 	 -0.460357
3.150841 	 2.235000 	 0.790600 	 0.887258 	 -0.460484
3.154803 	 2.237500 	 0.789995 	 0.888049 	 -0.461403
3.158839 	 2.240000 	 0.789391 	 0.888838 	 -0.462323
3.162802 	 2.242500 	 0.788485 	 0.890022 	 -0.462456
3.166802 	 2.245000 	 0.787883 	 0.890810 	 -0.463379
3.170840 	 2.247500 	 0.786980 	 0.891992 	 -0.463516
3.174840 	 2.250000 	 0.786378 	 0.892779 	 -0.464443
3.178803 	 2.252500 	 0.786078 	 0.893172 	 -0.466156
3.182802 	 2.255000 	 0.785178 	 0.894350 	 -0.466299
3.186802 	 2.257500 	 0.784578 	 0.895136 	 -0.467229
3.190840 	 2.260000 	 0.783681 	 0.896312 	 -0.467376
3.195799 	 2.262500 	 0.782784 	 0.897487 	 -0.467526
3.199838 	 2.265000 	 0.781591 	 0.899052 	 -0.466897
3.203837 	 2.267500 	 0.780996 	 0.899833 	 -0.467834
3.207838 	 2.270000 	 0.780401 	 0.900614 	 -0.468772
3.212798 	 2.272500 	 0.779510 	 0.901784 	 -0.468932
3.217801 	 2.275000 	 0.778324 	 0.903342 	 -0.468315
3.222835 	 2.277500 	 0.777733 	 0.904120 	 -0.469259
3.226836 	 2.280000 	 0.776846 	 0.905287 	 -0.469427
3.230800 	 2.282500 	 0.776256 	 0.906063 	 -0.470373
3.234798 	 2.285000 	 0.775666 	 0.906839 	 -0.471321
3.239797 	 2.287500 	 0.774783 	 0.908002 	 -0.471495
3.244834 	 2.290000 	 0.773902 	 0.909164 	 -0.471672
3.248796 	 2.292500 	 0.773315 	 0.909938 	 -0.472624
3.252796 	 2.295000 	 0.772436 	 0.911097 	 -0.472805
3.256795 	 2.297500 	 0.771851 	 0.911870 	 -0.473760
3.260835 	 2.300000 	 0.770682 	 0.913413 	 -0.473175
3.264832 	 2.302500 	 0.770099 	 0.914183 	 -0.474134
3.268834 	 2.305000 	 0.769517 	 0.914953 	 -0.475094
3.272795 	 2.307500 	 0.768644 	 0.916107 	 -0.475286
3.276796 	 2.310000 	 0.768064 	 0.916875 	 -0.476249
3.280794 	 2.312500 	 0.767483 	 0.917643 	 -0.477213
3.284813 	 2.315000 	 0.766325 	 0.919177 	 -0.476645
3.288831 	 2.317500 	 0.765747 	 0.919944 	 -0.477613
3.293832 	 2.320000 	 0.764593 	 0.921474 	 -0.477052
3.297830 	 2.322500 	 0.763730 	 0.922621 	 -0.477259
3.302795 	 2.325000 	 0.763155 	 0.923384 	 -0.478231
3.306816 	 2.327500 	 0.762294 	 0.924529 	 -0.478443
3.310791 	 2.330000 	 0.761434 	 0.925672 	 -0.478657
3.314812 	 2.332500 	 0.760862 	 0.926433 	 -0.479634
3.319830 	 2.335000 	 0.759720 	 0.927954 	 -0.479092
3.324829 	 2.337500 	 0.758865 	 0.929093 	 -0.479314
3.329792 	 2.340000 	 0.758012 	 0.930231 	 -0.479538
3.333794 	 2.342500 	 0.757444 	 0.930989 	 -0.480523
3.338827 	 2.345000 	 0.756594 	 0.932124 	 -0.480751
3.342792 	 2.347500 	 0.755745 	 0.933259 	 -0.480982
3.346789 	 2.350000 	 0.755180 	 0.934014 	 -0.481971
3.350791 	 2.352500 	 0.754615 	 0.934770 	 -0.482961
3.355826 	 2.355000 	 0.753489 	 0.936278 	 -0.482444
3.359826 	 2.357500 	 0.752926 	 0.937031 	 -0.483438
3.364789 	 2.360000 	 0.752084 	 0.938160 	 -0.483680
3.368826 	 2.362500 	 0.751244 	 0.939288 	 -0.483924
3.373789 	 2.365000 	 0.750126 	 0.940790 	 -0.483421
3.377787 	 2.367500 	 0.749568 	 0.941540 	 -0.484421
3.381789 	 2.370000 	 0.749010 	 0.942289 	 -0.485422
3.386789 	 2.372500 	 0.748176 	 0.943412 	 -0.485676
3.390789 	 2.375000 	 0.747343 	 0.944534 	 -0.485932
3.395788 	 2.377500 	 0.746235 	 0.946028 	 -0.485444
3.399788 	 2.380000 	 0.745406 	 0.947147 	 -0.485707
3.403826 	 2.382500 	 0.744578 	 0.948264 	 -0.485971
3.407785 	 2.385000 	 0.744027 	 0.949009 	 -0.486982
3.412792 	 2.387500 	 0.743202 	 0.950124 	 -0.487251
3.416785 	 2.390000 	 0.742105 	 0.951610 	 -0.486780
3.421823 	 2.392500 	 0.741010 	 0.953093 	 -0.486313
3.425823 	 2.395000 	 0.740464 	 0.953834 	 -0.487331
3.429823 	 2.397500 	 0.739646 	 0.954945 	 -0.487611
3.434785 	 2.400000 	 0.738830 	 0.956054 	 -0.487893
3.438785 	 2.402500 	 0.738015 	 0.957161 	 -0.488177
3.442783 	 2.405000 	 0.737202 	 0.958268 	 -0.488464
3.447783 	 2.407500 	 0.736661 	 0.959005 	 -0.489490
3.451822 	 2.410000 	 0.735851 	 0.960110 	 -0.489780
3.456820 	 2.412500 	 0.735042 	 0.961213 	 -0.490074
3.460821 	 2.415000 	 0.734235 	 0.962315 	 -0.490369
3.464819 	 2.417500 	 0.733697 	 0.963049 	 -0.491401
3.468821 	 2.420000 	 0.732625 	 0.964516 	 -0.491701
3.472782 	 2.422500 	 0.732358 	 0.964882 	 -0.492735
3.477818 	 2.425000 	 0.731289 	 0.966346 	 -0.492308
3.482821 	 2.427500 	 0.730756 	 0.967077 	 -0.493345
3.486818 	 2.430000 	 0.730223 	 0.967808 	 -0.494384
3.490820 	 2.432500 	 0.729426 	 0.968903 	 -0.494694
3.495824 	 2.435000 	 0.728630 	 0.969997 	 -0.495007
3.499819 	 2.437500 	 0.728100 	 0.970725 	 -0.496050
3.504821 	 2.440000 	 0.727043 	 0.972181 	 -0.495639
3.508818 	 2.442500 	 0.726516 	 0.972907 	 -0.496685
3.513780 	 2.445000 	 0.725726 	 0.973997 	 -0.497006
3.517818 	 2.447500 	 0.724938 	 0.975085 	 -0.497330
3.522779 	 2.450000 	 0.724413 	 0.975810 	 -0.498380
3.527780 	 2.452500 	 0.723105 	 0.977620 	 -0.497261
3.532795 	 2.455000 	 0.722322 	 0.978704 	 -0.497592
3.537779 	 2.457500 	 0.721541 	 0.979787 	 -0.497926
3.542777 	 2.460000 	 0.720761 	 0.980869 	 -0.498262
3.546814 	 2.462500 	 0.719983 	 0.981950 	 -0.498601
3.551779 	 2.465000 	 0.719466 	 0.982669 	 -0.499661
3.555816 	 2.467500 	 0.718432 	 0.983748 	 -0.499285
3.559814 	 2.470000 	 0.717917 	 0.984826 	 -0.500348
3.564779 	 2.472500 	 0.717402 	 0.985544 	 -0.501413
3.568814 	 2.475000 	 0.716631 	 0.986619 	 -0.501761
3.573813 	 2.477500 	 0.715605 	 0.988052 	 -0.501396
3.577813 	 2.480000 	 0.715094 	 0.988767 	 -0.502465
3.581814 	 2.482500 	 0.714072 	 0.990197 	 -0.502106
3.585777 	 2.485000 	 0.713817 	 0.990554 	 -0.503892
3.589777 	 2.487500 	 0.713054 	 0.991624 	 -0.504252
3.594775 	 2.490000 	 0.712038 	 0.993050 	 -0.504613
3.599814 	 2.492500 	 0.711279 	 0.994117 	 -0.504266
3.603813 	 2.495000 	 0.710773 	 0.994828 	 -0.505343
3.608813 	 2.497500 	 0.710016 	 0.995894 	 -0.505712
3.612812 	 2.500000 	 0.709260 	 0.996959 	 -0.506082
3.616773 	 2.502500 	 0.708758 	 0.997668 	 -0.507164
3.620773 	 2.505000 	 0.708507 	 0.998022 	 -0.508955
3.625771 	 2.507500 	 0.707504 	 0.999439 	 -0.508623
