time(s) 	 Pos(mm) 	 Speed(mm/s) 	 u 	 Err
0.006997 	 0.000000 	 0.707607 	 0.000707 	 0.001414
0.011997 	 0.002500 	 0.708359 	 0.001769 	 0.001038
0.015998 	 0.005000 	 0.709112 	 0.002832 	 0.000664
0.021001 	 0.007500 	 0.709867 	 0.003896 	 0.000292
0.024998 	 0.010000 	 0.710624 	 0.004961 	 -0.000078
0.028999 	 0.012500 	 0.711129 	 0.005672 	 -0.001156
0.032997 	 0.015000 	 0.711888 	 0.006739 	 -0.001522
0.036995 	 0.017500 	 0.712141 	 0.007095 	 -0.003310
0.040998 	 0.020000 	 0.712903 	 0.008164 	 -0.003673
0.045034 	 0.022500 	 0.713157 	 0.008520 	 -0.005460
0.048994 	 0.025000 	 0.713666 	 0.009233 	 -0.006533
0.053995 	 0.027500 	 0.714685 	 0.010661 	 -0.006177
0.058993 	 0.030000 	 0.714941 	 0.011019 	 -0.007963
0.062995 	 0.032500 	 0.715452 	 0.011734 	 -0.009032
0.066994 	 0.035000 	 0.715708 	 0.012091 	 -0.010817
0.072994 	 0.037500 	 0.716477 	 0.013165 	 -0.011169
0.076993 	 0.040000 	 0.716733 	 0.013524 	 -0.012953
0.081992 	 0.042500 	 0.717247 	 0.014241 	 -0.014019
0.094991 	 0.045000 	 0.717761 	 0.014958 	 -0.015084
0.099991 	 0.047500 	 0.718793 	 0.016394 	 -0.014712
0.106991 	 0.050000 	 0.719309 	 0.017113 	 -0.015774
0.111990 	 0.052500 	 0.720345 	 0.018553 	 -0.015395
0.116991 	 0.055000 	 0.721123 	 0.019633 	 -0.015733
0.126991 	 0.057500 	 0.721643 	 0.020355 	 -0.016791
0.130991 	 0.060000 	 0.722685 	 0.021799 	 -0.016403
0.134990 	 0.062500 	 0.723468 	 0.022883 	 -0.016734
0.139990 	 0.065000 	 0.723730 	 0.023245 	 -0.018510
0.144988 	 0.067500 	 0.724777 	 0.024693 	 -0.018114
0.148988 	 0.070000 	 0.725565 	 0.025781 	 -0.018439
0.152988 	 0.072500 	 0.726091 	 0.026506 	 -0.019487
0.156989 	 0.075000 	 0.726354 	 0.026869 	 -0.021261
0.160988 	 0.077500 	 0.727409 	 0.028323 	 -0.020854
0.164987 	 0.080000 	 0.727937 	 0.029050 	 -0.021899
0.168988 	 0.082500 	 0.728732 	 0.030143 	 -0.022214
0.175987 	 0.085000 	 0.728997 	 0.030507 	 -0.023986
0.179987 	 0.087500 	 0.729793 	 0.031601 	 -0.024298
0.183986 	 0.090000 	 0.730325 	 0.032331 	 -0.025338
0.188987 	 0.092500 	 0.731123 	 0.033427 	 -0.025646
0.192985 	 0.095000 	 0.731924 	 0.034524 	 -0.025952
0.196985 	 0.097500 	 0.732726 	 0.035622 	 -0.026256
0.200985 	 0.100000 	 0.733530 	 0.036722 	 -0.026557
0.205985 	 0.102500 	 0.734335 	 0.037822 	 -0.026855
0.209984 	 0.105000 	 0.735142 	 0.038924 	 -0.027151
0.213984 	 0.107500 	 0.735681 	 0.039660 	 -0.028181
0.217985 	 0.110000 	 0.736221 	 0.040395 	 -0.029209
0.221985 	 0.112500 	 0.737302 	 0.041869 	 -0.028763
0.225984 	 0.115000 	 0.737573 	 0.042237 	 -0.030525
0.229983 	 0.117500 	 0.738387 	 0.043344 	 -0.030812
0.234987 	 0.120000 	 0.739474 	 0.044822 	 -0.030357
0.238983 	 0.122500 	 0.740291 	 0.045931 	 -0.030637
0.242983 	 0.125000 	 0.741110 	 0.047042 	 -0.030916
0.246984 	 0.127500 	 0.741657 	 0.047783 	 -0.031933
0.250981 	 0.130000 	 0.742205 	 0.048525 	 -0.032950
0.255982 	 0.132500 	 0.743027 	 0.049639 	 -0.033222
0.260982 	 0.135000 	 0.744402 	 0.051498 	 -0.032004
0.264980 	 0.137500 	 0.744677 	 0.051870 	 -0.033760
0.269982 	 0.140000 	 0.746058 	 0.053733 	 -0.032534
0.274982 	 0.142500 	 0.746611 	 0.054479 	 -0.033541
0.279982 	 0.145000 	 0.747719 	 0.055973 	 -0.033053
0.283979 	 0.147500 	 0.748275 	 0.056721 	 -0.034058
0.288980 	 0.150000 	 0.749109 	 0.057844 	 -0.034312
0.293982 	 0.152500 	 0.749667 	 0.058593 	 -0.035313
0.297979 	 0.155000 	 0.750504 	 0.059718 	 -0.035564
0.302979 	 0.157500 	 0.751342 	 0.060844 	 -0.035811
0.306980 	 0.160000 	 0.752183 	 0.061972 	 -0.036056
0.310978 	 0.162500 	 0.752463 	 0.062348 	 -0.037804
0.314977 	 0.165000 	 0.753306 	 0.063477 	 -0.038046
0.318979 	 0.167500 	 0.753868 	 0.064230 	 -0.039039
0.323979 	 0.170000 	 0.754713 	 0.065362 	 -0.039277
0.327978 	 0.172500 	 0.755278 	 0.066117 	 -0.040267
0.331977 	 0.175000 	 0.755843 	 0.066872 	 -0.041256
0.336976 	 0.177500 	 0.756691 	 0.068006 	 -0.041488
0.341977 	 0.180000 	 0.757826 	 0.069520 	 -0.040959
0.346979 	 0.182500 	 0.758678 	 0.070658 	 -0.041185
0.350975 	 0.185000 	 0.759247 	 0.071416 	 -0.042167
0.355975 	 0.187500 	 0.760388 	 0.072936 	 -0.041629
0.360976 	 0.190000 	 0.761245 	 0.074077 	 -0.041847
0.364976 	 0.192500 	 0.761531 	 0.074457 	 -0.043585
0.369976 	 0.195000 	 0.762677 	 0.075981 	 -0.043037
0.373974 	 0.197500 	 0.763252 	 0.076744 	 -0.044012
0.378974 	 0.200000 	 0.764114 	 0.077889 	 -0.044221
0.382975 	 0.202500 	 0.765266 	 0.079419 	 -0.043663
0.386975 	 0.205000 	 0.765555 	 0.079801 	 -0.045398
0.391975 	 0.207500 	 0.766421 	 0.080950 	 -0.045600
0.395972 	 0.210000 	 0.767000 	 0.081716 	 -0.046567
0.400973 	 0.212500 	 0.767869 	 0.082867 	 -0.046765
0.405973 	 0.215000 	 0.769031 	 0.084404 	 -0.046192
0.410973 	 0.217500 	 0.769903 	 0.085558 	 -0.046384
0.414973 	 0.220000 	 0.770486 	 0.086328 	 -0.047344
0.418971 	 0.222500 	 0.771069 	 0.087099 	 -0.048303
0.422971 	 0.225000 	 0.771946 	 0.088256 	 -0.048489
0.426972 	 0.227500 	 0.772824 	 0.089414 	 -0.048672
0.431970 	 0.230000 	 0.773703 	 0.090574 	 -0.048852
0.435970 	 0.232500 	 0.774584 	 0.091735 	 -0.049030
0.440970 	 0.235000 	 0.775466 	 0.092897 	 -0.049206
0.444969 	 0.237500 	 0.776055 	 0.093673 	 -0.050155
0.449969 	 0.240000 	 0.776940 	 0.094837 	 -0.050326
0.456971 	 0.242500 	 0.777827 	 0.096003 	 -0.050494
0.460971 	 0.245000 	 0.778714 	 0.097170 	 -0.050660
0.464969 	 0.247500 	 0.779011 	 0.097560 	 -0.052381
0.468968 	 0.250000 	 0.779900 	 0.098729 	 -0.052543
0.473968 	 0.252500 	 0.780792 	 0.099899 	 -0.052702
0.478967 	 0.255000 	 0.781685 	 0.101070 	 -0.052859
0.483994 	 0.257500 	 0.782579 	 0.102243 	 -0.053013
0.489969 	 0.260000 	 0.783773 	 0.103810 	 -0.052381
0.494966 	 0.262500 	 0.784671 	 0.104986 	 -0.052529
0.498967 	 0.265000 	 0.785870 	 0.106556 	 -0.051888
0.505966 	 0.267500 	 0.786470 	 0.107342 	 -0.052816
0.510965 	 0.270000 	 0.787673 	 0.108916 	 -0.052169
0.515965 	 0.272500 	 0.788276 	 0.109704 	 -0.053093
0.519965 	 0.275000 	 0.789180 	 0.110886 	 -0.053227
0.524966 	 0.277500 	 0.790086 	 0.112071 	 -0.053359
0.528964 	 0.280000 	 0.790691 	 0.112861 	 -0.054278
0.532965 	 0.282500 	 0.791600 	 0.114047 	 -0.054405
0.536964 	 0.285000 	 0.792206 	 0.114839 	 -0.055322
0.540965 	 0.287500 	 0.793421 	 0.116424 	 -0.054651
0.545963 	 0.290000 	 0.794333 	 0.117615 	 -0.054770
0.550962 	 0.292500 	 0.794942 	 0.118410 	 -0.055681
0.555964 	 0.295000 	 0.796162 	 0.119602 	 -0.054999
0.559962 	 0.297500 	 0.796468 	 0.120398 	 -0.056703
0.563962 	 0.300000 	 0.797079 	 0.121195 	 -0.057610
0.567962 	 0.302500 	 0.798303 	 0.122790 	 -0.056920
0.571965 	 0.305000 	 0.798610 	 0.123189 	 -0.058622
0.575962 	 0.307500 	 0.799223 	 0.123988 	 -0.059524
0.579962 	 0.310000 	 0.799837 	 0.124787 	 -0.060425
0.583960 	 0.312500 	 0.800759 	 0.125988 	 -0.060525
0.588960 	 0.315000 	 0.801682 	 0.127189 	 -0.060622
0.592960 	 0.317500 	 0.802915 	 0.128793 	 -0.059913
0.595961 	 0.320000 	 0.803223 	 0.129195 	 -0.061610
0.599959 	 0.322500 	 0.804150 	 0.130400 	 -0.061700
0.604961 	 0.325000 	 0.805077 	 0.131607 	 -0.061786
0.608961 	 0.327500 	 0.805697 	 0.132412 	 -0.062676
0.612959 	 0.330000 	 0.806316 	 0.133218 	 -0.063564
0.616959 	 0.332500 	 0.807247 	 0.134428 	 -0.063644
0.620959 	 0.335000 	 0.808179 	 0.135639 	 -0.063721
0.624958 	 0.337500 	 0.809112 	 0.136852 	 -0.063796
0.628960 	 0.340000 	 0.809735 	 0.137661 	 -0.064677
0.632958 	 0.342500 	 0.810358 	 0.138471 	 -0.065558
0.636958 	 0.345000 	 0.810982 	 0.139282 	 -0.066437
0.640959 	 0.347500 	 0.811918 	 0.140499 	 -0.066503
0.644958 	 0.350000 	 0.812231 	 0.140905 	 -0.068191
0.648957 	 0.352500 	 0.812856 	 0.141717 	 -0.069066
0.652958 	 0.355000 	 0.813795 	 0.142937 	 -0.069127
0.656957 	 0.357500 	 0.814421 	 0.143751 	 -0.069999
0.660957 	 0.360000 	 0.815676 	 0.145380 	 -0.069239
0.664957 	 0.362500 	 0.815990 	 0.145788 	 -0.070923
0.668955 	 0.365000 	 0.816932 	 0.147013 	 -0.071791
0.672958 	 0.367500 	 0.817876 	 0.148239 	 -0.071023
0.676956 	 0.370000 	 0.818506 	 0.149057 	 -0.071887
0.680958 	 0.372500 	 0.819451 	 0.150285 	 -0.071930
0.684955 	 0.375000 	 0.820082 	 0.151105 	 -0.072791
0.688956 	 0.377500 	 0.820713 	 0.151925 	 -0.073651
0.692953 	 0.380000 	 0.821345 	 0.152746 	 -0.074509
0.696953 	 0.382500 	 0.821661 	 0.153156 	 -0.076187
0.700955 	 0.385000 	 0.822610 	 0.154389 	 -0.076221
0.704953 	 0.387500 	 0.823560 	 0.155624 	 -0.076253
0.708954 	 0.390000 	 0.824511 	 0.156859 	 -0.076281
0.712952 	 0.392500 	 0.824828 	 0.157272 	 -0.077957
0.716953 	 0.395000 	 0.826098 	 0.158922 	 -0.077155
0.720953 	 0.397500 	 0.826415 	 0.159335 	 -0.078829
0.724952 	 0.400000 	 0.827051 	 0.160162 	 -0.079676
0.729952 	 0.402500 	 0.828005 	 0.161403 	 -0.079694
0.734951 	 0.405000 	 0.828961 	 0.162645 	 -0.079709
0.738953 	 0.407500 	 0.829598 	 0.163475 	 -0.080551
0.743951 	 0.410000 	 0.830554 	 0.164719 	 -0.080561
0.748951 	 0.412500 	 0.831831 	 0.166382 	 -0.079737
0.753950 	 0.415000 	 0.832470 	 0.167214 	 -0.080573
0.758951 	 0.417500 	 0.833749 	 0.168879 	 -0.079741
0.761951 	 0.420000 	 0.834389 	 0.169713 	 -0.080573
0.764950 	 0.422500 	 0.834710 	 0.170131 	 -0.082239
0.768949 	 0.425000 	 0.835671 	 0.171383 	 -0.082234
0.771952 	 0.427500 	 0.836312 	 0.172219 	 -0.083062
0.774949 	 0.430000 	 0.836632 	 0.172637 	 -0.084726
0.777949 	 0.432500 	 0.837274 	 0.173474 	 -0.085552
0.780949 	 0.435000 	 0.837916 	 0.174311 	 -0.086377
0.783948 	 0.437500 	 0.838558 	 0.175149 	 -0.087201
0.786949 	 0.440000 	 0.839522 	 0.176408 	 -0.087185
0.790948 	 0.442500 	 0.840165 	 0.177247 	 -0.088005
0.793950 	 0.445000 	 0.840808 	 0.178088 	 -0.088825
0.796948 	 0.447500 	 0.841452 	 0.178929 	 -0.089643
0.799948 	 0.450000 	 0.842418 	 0.180191 	 -0.089617
0.802947 	 0.452500 	 0.843062 	 0.181034 	 -0.090432
0.805948 	 0.455000 	 0.843384 	 0.181455 	 -0.092089
0.808948 	 0.457500 	 0.844351 	 0.182721 	 -0.092058
0.811946 	 0.460000 	 0.844996 	 0.183566 	 -0.092869
0.814946 	 0.462500 	 0.845319 	 0.183988 	 -0.094524
0.818946 	 0.465000 	 0.846610 	 0.185680 	 -0.093641
0.821948 	 0.467500 	 0.847256 	 0.186526 	 -0.094447
0.824946 	 0.470000 	 0.847902 	 0.187374 	 -0.095252
0.827946 	 0.472500 	 0.848548 	 0.188222 	 -0.096056
0.831945 	 0.475000 	 0.849195 	 0.189071 	 -0.096859
0.834946 	 0.477500 	 0.849842 	 0.189920 	 -0.097660
0.838947 	 0.480000 	 0.850812 	 0.191195 	 -0.097610
0.841945 	 0.482500 	 0.851459 	 0.192046 	 -0.098408
0.844946 	 0.485000 	 0.852107 	 0.192898 	 -0.099204
0.847944 	 0.487500 	 0.852754 	 0.193750 	 -0.100000
0.851945 	 0.490000 	 0.853726 	 0.195030 	 -0.099941
0.854944 	 0.492500 	 0.854050 	 0.195457 	 -0.101587
0.857943 	 0.495000 	 0.854698 	 0.196311 	 -0.102379
0.860944 	 0.497500 	 0.855670 	 0.197593 	 -0.102313
0.863943 	 0.500000 	 0.856643 	 0.198877 	 -0.102245
0.866943 	 0.502500 	 0.856967 	 0.199306 	 -0.103889
0.870942 	 0.505000 	 0.857616 	 0.200163 	 -0.104675
0.873942 	 0.507500 	 0.858265 	 0.201021 	 -0.105459
0.876944 	 0.510000 	 0.859563 	 0.202738 	 -0.104524
0.879942 	 0.512500 	 0.859887 	 0.203168 	 -0.106164
0.882942 	 0.515000 	 0.860536 	 0.204028 	 -0.106944
0.886942 	 0.517500 	 0.861510 	 0.205319 	 -0.106862
0.889943 	 0.520000 	 0.861834 	 0.205750 	 -0.108500
0.892943 	 0.522500 	 0.862484 	 0.206612 	 -0.109276
0.895941 	 0.525000 	 0.863133 	 0.207475 	 -0.110051
0.898940 	 0.527500 	 0.863782 	 0.208338 	 -0.110824
0.902940 	 0.530000 	 0.864756 	 0.209634 	 -0.110732
0.906942 	 0.532500 	 0.865081 	 0.210066 	 -0.112367
0.909942 	 0.535000 	 0.866055 	 0.211364 	 -0.112271
0.912941 	 0.537500 	 0.866380 	 0.211797 	 -0.113905
0.915940 	 0.540000 	 0.867354 	 0.213098 	 -0.113805
0.918940 	 0.542500 	 0.867679 	 0.213531 	 -0.115438
0.921942 	 0.545000 	 0.868328 	 0.214399 	 -0.116202
0.924941 	 0.547500 	 0.868977 	 0.215268 	 -0.116965
0.927940 	 0.550000 	 0.869627 	 0.216137 	 -0.117727
0.929940 	 0.552500 	 0.869951 	 0.216572 	 -0.119357
0.932939 	 0.555000 	 0.870600 	 0.217442 	 -0.120117
0.935939 	 0.557500 	 0.870925 	 0.217877 	 -0.121746
0.938939 	 0.560000 	 0.871899 	 0.219184 	 -0.121632
0.941938 	 0.562500 	 0.872223 	 0.219620 	 -0.123261
0.944938 	 0.565000 	 0.873196 	 0.220929 	 -0.123143
0.948939 	 0.567500 	 0.873845 	 0.221802 	 -0.123896
0.951938 	 0.570000 	 0.874494 	 0.222676 	 -0.124648
0.954938 	 0.572500 	 0.875143 	 0.223551 	 -0.126274
0.958939 	 0.575000 	 0.875467 	 0.223988 	 -0.127024
0.961937 	 0.577500 	 0.876439 	 0.225302 	 -0.126896
0.964939 	 0.580000 	 0.877087 	 0.226178 	 -0.127643
0.968936 	 0.582500 	 0.877735 	 0.227056 	 -0.128389
0.971938 	 0.585000 	 0.878383 	 0.227934 	 -0.129133
0.975936 	 0.587500 	 0.879031 	 0.228812 	 -0.129876
0.978936 	 0.590000 	 0.879355 	 0.229252 	 -0.131497
0.981936 	 0.592500 	 0.880325 	 0.230571 	 -0.131358
0.984936 	 0.595000 	 0.880649 	 0.231011 	 -0.132977
0.988935 	 0.597500 	 0.881619 	 0.232333 	 -0.132834
0.992935 	 0.600000 	 0.882266 	 0.233215 	 -0.133571
0.995935 	 0.602500 	 0.882912 	 0.234097 	 -0.134306
0.999935 	 0.605000 	 0.884204 	 0.235864 	 -0.133272
1.002937 	 0.607500 	 0.884850 	 0.236748 	 -0.134004
1.005934 	 0.610000 	 0.885172 	 0.237191 	 -0.135619
1.008935 	 0.612500 	 0.885817 	 0.238076 	 -0.136348
1.011934 	 0.615000 	 0.886462 	 0.238962 	 -0.137076
1.014933 	 0.617500 	 0.886785 	 0.239405 	 -0.138690
1.017935 	 0.620000 	 0.888073 	 0.241180 	 -0.137641
1.020934 	 0.622500 	 0.888395 	 0.241624 	 -0.139253
1.024933 	 0.625000 	 0.889360 	 0.242957 	 -0.139086
1.027933 	 0.627500 	 2.000000 	 0.243401 	 -0.140697
1.030933 	 0.630000 	 0.890645 	 0.244736 	 -0.140527
1.033934 	 0.632500 	 0.891288 	 0.245182 	 -0.142136
1.036932 	 0.635000 	 0.891609 	 0.246073 	 -0.142854
1.039936 	 0.637500 	 0.892250 	 0.246965 	 -0.143571
1.042932 	 0.640000 	 0.892891 	 0.247857 	 -0.144286
1.046931 	 0.642500 	 0.893852 	 0.249197 	 -0.144106
1.049931 	 0.645000 	 0.894172 	 0.249644 	 -0.145712
1.052933 	 0.647500 	 0.894812 	 0.250538 	 -0.146424
1.056931 	 0.650000 	 0.895771 	 0.251881 	 -0.146238
1.059931 	 0.652500 	 0.896090 	 0.252329 	 -0.147842
1.062931 	 0.655000 	 0.897048 	 0.253673 	 -0.147653
1.065932 	 0.657500 	 0.897685 	 0.254571 	 -0.148359
1.069930 	 0.660000 	 0.898323 	 0.255468 	 -0.149063
1.073931 	 0.662500 	 0.899595 	 0.257266 	 -0.147968
1.076933 	 0.665000 	 0.900231 	 0.258166 	 -0.148668
1.080929 	 0.667500 	 0.900866 	 0.259066 	 -0.149368
1.084931 	 0.670000 	 0.901500 	 0.259967 	 -0.150066
1.087929 	 0.672500 	 0.902134 	 0.260869 	 -0.150762
1.090929 	 0.675000 	 0.902767 	 0.261771 	 -0.151458
1.094929 	 0.677500 	 0.903715 	 0.262674 	 -0.151248
1.097928 	 0.680000 	 0.904347 	 0.264030 	 -0.151941
1.100929 	 0.682500 	 0.904662 	 0.264482 	 -0.153536
1.103928 	 0.685000 	 0.905293 	 0.265387 	 -0.154227
1.106930 	 0.687500 	 0.905923 	 0.266292 	 -0.154916
1.109927 	 0.690000 	 0.906552 	 0.267198 	 -0.155604
1.112928 	 0.692500 	 0.907181 	 0.268105 	 -0.156290
1.115927 	 0.695000 	 0.907495 	 0.268558 	 -0.157883
1.118927 	 0.697500 	 0.908122 	 0.269466 	 -0.158568
1.121928 	 0.700000 	 0.908749 	 0.270374 	 -0.159251
1.124928 	 0.702500 	 0.909687 	 0.271738 	 -0.159024
1.127930 	 0.705000 	 0.910312 	 0.272648 	 -0.159704
1.130928 	 0.707500 	 0.910936 	 0.273558 	 -0.160383
1.133926 	 0.710000 	 0.911559 	 0.274469 	 -0.161061
1.137928 	 0.712500 	 0.911870 	 0.274925 	 -0.162650
1.141927 	 0.715000 	 0.912492 	 0.275837 	 -0.163326
1.144927 	 0.717500 	 0.913424 	 0.277206 	 -0.163087
1.147925 	 0.720000 	 0.913734 	 0.277663 	 -0.164674
1.150925 	 0.722500 	 0.914044 	 0.278120 	 -0.166260
1.153925 	 0.725000 	 0.914663 	 0.279034 	 -0.166932
1.157925 	 0.727500 	 0.915589 	 0.280407 	 -0.166687
1.160924 	 0.730000 	 0.916206 	 0.281322 	 -0.167355
1.163924 	 0.732500 	 0.916822 	 0.282239 	 -0.168023
1.167924 	 0.735000 	 0.917129 	 0.282697 	 -0.169606
1.170923 	 0.737500 	 0.917744 	 0.283614 	 -0.170271
1.174924 	 0.740000 	 0.918664 	 0.284992 	 -0.170017
1.177926 	 0.742500 	 0.919275 	 0.285910 	 -0.170679
1.180923 	 0.745000 	 0.919581 	 0.286370 	 -0.172260
1.183923 	 0.747500 	 0.919886 	 0.286830 	 -0.173841
1.187923 	 0.750000 	 0.920496 	 0.287750 	 -0.174500
1.190923 	 0.752500 	 0.921409 	 0.289131 	 -0.174238
1.194923 	 0.755000 	 0.921713 	 0.289592 	 -0.175817
1.197922 	 0.757500 	 0.922320 	 0.290514 	 -0.176473
1.200922 	 0.760000 	 0.922926 	 0.291436 	 -0.177128
1.203922 	 0.762500 	 0.923530 	 0.292359 	 -0.177782
1.206921 	 0.765000 	 0.924435 	 0.293283 	 -0.177510
1.209922 	 0.767500 	 0.924736 	 0.294207 	 -0.179086
1.212922 	 0.770000 	 0.925338 	 0.295132 	 -0.179736
1.215921 	 0.772500 	 0.926237 	 0.296520 	 -0.179459
1.218922 	 0.775000 	 0.926537 	 0.296984 	 -0.181033
1.221922 	 0.777500 	 0.927134 	 0.297910 	 -0.181680
1.224921 	 0.780000 	 0.927731 	 0.298838 	 -0.182325
1.227920 	 0.782500 	 0.928326 	 0.299765 	 -0.182969
1.230921 	 0.785000 	 0.928624 	 0.300230 	 -0.184541
1.233920 	 0.787500 	 0.929217 	 0.301158 	 -0.185183
1.236920 	 0.790000 	 0.930105 	 0.302553 	 -0.184895
1.239920 	 0.792500 	 0.930400 	 0.303018 	 -0.186465
1.242920 	 0.795000 	 0.930695 	 0.303483 	 -0.188034
1.246919 	 0.797500 	 0.931578 	 0.304879 	 -0.187741
1.250919 	 0.800000 	 0.932459 	 0.306277 	 -0.187446
1.253922 	 0.802500 	 0.932751 	 0.306743 	 -0.189013
1.256920 	 0.805000 	 0.933336 	 0.307676 	 -0.189647
1.259918 	 0.807500 	 0.934210 	 0.308610 	 -0.189347
1.263918 	 0.810000 	 0.934790 	 0.310011 	 -0.189978
1.266917 	 0.812500 	 0.935370 	 0.310946 	 -0.190608
1.271921 	 0.815000 	 0.936236 	 0.312349 	 -0.190301
1.274919 	 0.817500 	 0.936812 	 0.313286 	 -0.190928
1.277917 	 0.820000 	 0.937100 	 0.313754 	 -0.192491
1.280917 	 0.822500 	 0.937673 	 0.314692 	 -0.193117
1.283916 	 0.825000 	 0.938246 	 0.315629 	 -0.193741
1.287918 	 0.827500 	 0.939101 	 0.317037 	 -0.193426
1.291917 	 0.830000 	 0.939669 	 0.317976 	 -0.194047
1.294917 	 0.832500 	 0.940236 	 0.318916 	 -0.194668
1.297916 	 0.835000 	 0.940801 	 0.319857 	 -0.195287
1.300916 	 0.837500 	 0.941083 	 0.320327 	 -0.196846
1.304916 	 0.840000 	 0.942207 	 0.322210 	 -0.195580
1.307915 	 0.842500 	 0.942487 	 0.322681 	 -0.197138
1.310916 	 0.845000 	 0.943325 	 0.324095 	 -0.196810
1.313915 	 0.847500 	 0.944159 	 0.325511 	 -0.196479
1.316916 	 0.850000 	 0.944712 	 0.326455 	 -0.197090
1.319915 	 0.852500 	 0.944989 	 0.326927 	 -0.198645
1.323916 	 0.855000 	 0.945815 	 0.328345 	 -0.198310
1.327914 	 0.857500 	 0.946637 	 0.329764 	 -0.197971
1.330914 	 0.860000 	 0.947183 	 0.330711 	 -0.198578
1.333915 	 0.862500 	 0.947727 	 0.331658 	 -0.199183
1.336913 	 0.865000 	 0.948539 	 0.333080 	 -0.198839
1.340914 	 0.867500 	 0.949079 	 0.334029 	 -0.199442
1.344914 	 0.870000 	 0.949348 	 0.334504 	 -0.200993
1.347913 	 0.872500 	 0.950152 	 0.335928 	 -0.200644
1.350914 	 0.875000 	 0.950419 	 0.336403 	 -0.202194
1.353913 	 0.877500 	 0.951218 	 0.337829 	 -0.201842
1.355912 	 0.880000 	 0.951483 	 0.338305 	 -0.203391
1.358913 	 0.882500 	 0.952276 	 0.339732 	 -0.203035
1.362912 	 0.885000 	 0.952802 	 0.340685 	 -0.203630
1.365914 	 0.887500 	 0.953326 	 0.341638 	 -0.204225
1.368913 	 0.890000 	 0.953588 	 0.342114 	 -0.205771
1.372912 	 0.892500 	 0.954109 	 0.343068 	 -0.206364
1.375911 	 0.895000 	 0.954628 	 0.344022 	 -0.206955
1.379913 	 0.897500 	 0.955145 	 0.344977 	 -0.207546
1.382912 	 0.900000 	 0.955660 	 0.345932 	 -0.208135
1.385912 	 0.902500 	 0.956173 	 0.346888 	 -0.208724
1.388914 	 0.905000 	 0.956684 	 0.347844 	 -0.209311
1.391911 	 0.907500 	 0.956938 	 0.348323 	 -0.210854
1.394910 	 0.910000 	 0.957699 	 0.349759 	 -0.210483
1.397910 	 0.912500 	 0.957951 	 0.350237 	 -0.212025
1.400910 	 0.915000 	 0.958203 	 0.350716 	 -0.213567
1.403909 	 0.917500 	 0.958706 	 0.351675 	 -0.214151
1.407909 	 0.920000 	 0.959206 	 0.352634 	 -0.214733
1.410909 	 0.922500 	 0.959952 	 0.354073 	 -0.214355
1.414909 	 0.925000 	 0.960446 	 0.355033 	 -0.214934
1.417909 	 0.927500 	 0.961184 	 0.356474 	 -0.214552
1.420909 	 0.930000 	 0.961428 	 0.356954 	 -0.216091
1.424908 	 0.932500 	 0.962159 	 0.358397 	 -0.215706
1.427907 	 0.935000 	 0.962643 	 0.359359 	 -0.216282
1.430909 	 0.937500 	 0.962884 	 0.359841 	 -0.217819
1.433908 	 0.940000 	 0.963365 	 0.360804 	 -0.218393
1.436907 	 0.942500 	 0.963843 	 0.361767 	 -0.218966
1.439908 	 0.945000 	 0.964556 	 0.363213 	 -0.218574
1.442907 	 0.947500 	 0.964793 	 0.363695 	 -0.220109
1.445907 	 0.950000 	 0.965264 	 0.364660 	 -0.220679
1.448906 	 0.952500 	 0.965733 	 0.365626 	 -0.221249
1.451907 	 0.955000 	 0.966199 	 0.366592 	 -0.221817
1.454906 	 0.957500 	 0.966431 	 0.367075 	 -0.223351
1.457906 	 0.960000 	 0.966663 	 0.367558 	 -0.224884
1.461908 	 0.962500 	 0.967124 	 0.368525 	 -0.225451
1.464906 	 0.965000 	 0.967811 	 0.369976 	 -0.225049
1.467906 	 0.967500 	 0.968039 	 0.370460 	 -0.226581
1.470908 	 0.970000 	 0.968493 	 0.371428 	 -0.227144
1.473905 	 0.972500 	 0.969168 	 0.372881 	 -0.226738
1.476905 	 0.975000 	 2.000000 	 0.373365 	 -0.228269
1.479904 	 0.977500 	 0.969838 	 0.374335 	 -0.228830
1.482904 	 0.980000 	 0.970282 	 0.375305 	 -0.229390
1.486904 	 0.982500 	 0.970942 	 0.376761 	 -0.228979
1.489904 	 0.985000 	 0.971160 	 0.377246 	 -0.230508
1.492903 	 0.987500 	 0.971596 	 0.378217 	 -0.231065
1.496903 	 0.990000 	 0.972244 	 0.379675 	 -0.230650
1.500903 	 0.992500 	 0.972886 	 0.381134 	 -0.230232
1.504904 	 0.995000 	 0.973310 	 0.382107 	 -0.230786
1.508903 	 0.997500 	 0.973732 	 0.383080 	 -0.231340
1.512903 	 1.000000 	 0.974359 	 0.384541 	 -0.230918
1.515903 	 1.002500 	 0.974774 	 0.385516 	 -0.231469
1.518903 	 1.005000 	 0.974981 	 0.386003 	 -0.232994
1.521903 	 1.007500 	 0.975391 	 0.386978 	 -0.233544
1.524902 	 1.010000 	 0.976002 	 0.388441 	 -0.233117
1.527902 	 1.012500 	 0.976204 	 0.388929 	 -0.234641
1.530902 	 1.015000 	 0.976606 	 0.389906 	 -0.235189
1.533901 	 1.017500 	 0.977005 	 0.390882 	 -0.235735
1.536901 	 1.020000 	 0.977401 	 0.391860 	 -0.236281
1.539903 	 1.022500 	 0.977990 	 0.393326 	 -0.235848
1.542901 	 1.025000 	 0.978185 	 0.393815 	 -0.237370
1.545901 	 1.027500 	 0.978379 	 0.394304 	 -0.238892
1.548900 	 1.030000 	 0.978765 	 0.395283 	 -0.239435
1.551900 	 1.032500 	 0.979338 	 0.396751 	 -0.238998
1.554901 	 1.035000 	 0.979527 	 0.397241 	 -0.240519
1.557900 	 1.037500 	 0.980091 	 0.398710 	 -0.240080
1.561899 	 1.040000 	 0.980464 	 0.399690 	 -0.240619
1.565900 	 1.042500 	 0.980833 	 0.400671 	 -0.241158
1.568901 	 1.045000 	 0.981381 	 0.402142 	 -0.240715
1.571899 	 1.047500 	 0.981743 	 0.403124 	 -0.241252
1.575899 	 1.050000 	 0.982279 	 0.404597 	 -0.240806
1.578901 	 1.052500 	 0.982456 	 0.405088 	 -0.242324
1.581899 	 1.055000 	 0.982808 	 0.406070 	 -0.242859
1.584898 	 1.057500 	 0.983157 	 0.407053 	 -0.243393
1.587899 	 1.060000 	 0.983503 	 0.408037 	 -0.243927
1.590897 	 1.062500 	 0.983845 	 0.409020 	 -0.244460
1.593898 	 1.065000 	 0.984015 	 0.409512 	 -0.245976
1.596897 	 1.067500 	 0.984353 	 0.410496 	 -0.246508
1.599897 	 1.070000 	 0.984688 	 0.411481 	 -0.247039
1.603896 	 1.072500 	 0.985019 	 0.412465 	 -0.247569
1.607897 	 1.075000 	 0.985510 	 0.413943 	 -0.247114
1.610896 	 1.077500 	 0.985833 	 0.414929 	 -0.247642
1.613896 	 1.080000 	 0.986152 	 0.415915 	 -0.248171
1.616896 	 1.082500 	 0.986626 	 0.417394 	 -0.247712
1.620897 	 1.085000 	 0.986937 	 0.418381 	 -0.248238
1.623896 	 1.087500 	 0.987398 	 0.419862 	 -0.247777
1.626897 	 1.090000 	 0.987701 	 0.420849 	 -0.248302
1.630895 	 1.092500 	 0.987851 	 0.421343 	 -0.249814
1.633895 	 1.095000 	 0.988149 	 0.422331 	 -0.250338
1.636895 	 1.097500 	 0.988589 	 0.423813 	 -0.249874
1.640895 	 1.100000 	 0.989022 	 0.425296 	 -0.249407
1.643894 	 1.102500 	 0.989165 	 0.425791 	 -0.250918
1.646894 	 1.105000 	 0.989587 	 0.427275 	 -0.250450
1.649895 	 1.107500 	 0.989864 	 0.428264 	 -0.250971
1.652894 	 1.110000 	 0.990138 	 0.429254 	 -0.251491
1.656894 	 1.112500 	 0.990408 	 0.430245 	 -0.252011
1.659893 	 1.115000 	 0.990675 	 0.431235 	 -0.252530
1.662894 	 1.117500 	 0.990807 	 0.431730 	 -0.254039
1.665893 	 1.120000 	 0.991198 	 0.433217 	 -0.253566
1.669892 	 1.122500 	 0.991326 	 0.433712 	 -0.255075
1.672893 	 1.125000 	 0.991706 	 0.435200 	 -0.254601
1.675893 	 1.127500 	 0.991955 	 0.436191 	 -0.255117
1.679892 	 1.130000 	 0.992200 	 0.437183 	 -0.255633
1.683892 	 1.132500 	 0.992562 	 0.438672 	 -0.255156
1.686892 	 1.135000 	 0.992680 	 0.439168 	 -0.256664
1.689893 	 1.137500 	 0.992915 	 0.440161 	 -0.257178
1.692892 	 1.140000 	 0.993145 	 0.441154 	 -0.257692
1.696891 	 1.142500 	 0.993259 	 0.441650 	 -0.259199
1.699891 	 1.145000 	 0.993596 	 0.443140 	 -0.258719
1.703890 	 1.147500 	 0.993816 	 0.444134 	 -0.259232
1.706891 	 1.150000 	 0.994032 	 0.445128 	 -0.259744
1.710890 	 1.152500 	 0.994349 	 0.446619 	 -0.259262
1.713891 	 1.155000 	 0.994556 	 0.447614 	 -0.259773
1.716890 	 1.157500 	 0.994658 	 0.448111 	 -0.261278
1.719892 	 1.160000 	 0.994859 	 0.448608 	 -0.262784
1.722890 	 1.162500 	 0.994959 	 0.449603 	 -0.263294
1.725890 	 1.165000 	 0.995154 	 0.450598 	 -0.263804
1.729890 	 1.167500 	 0.995441 	 0.452091 	 -0.263318
1.732889 	 1.170000 	 0.995534 	 0.452589 	 -0.264823
1.735889 	 1.172500 	 0.995627 	 0.453086 	 -0.266327
1.739888 	 1.175000 	 0.995988 	 0.455078 	 -0.264844
1.743888 	 1.177500 	 0.996076 	 0.455576 	 -0.266348
1.746889 	 1.180000 	 0.996334 	 0.457070 	 -0.265860
1.749887 	 1.182500 	 0.996418 	 0.457568 	 -0.267363
1.752887 	 1.185000 	 0.996502 	 0.458067 	 -0.268867
1.755889 	 1.187500 	 0.996825 	 0.460060 	 -0.267380
1.758887 	 1.190000 	 0.996981 	 0.461057 	 -0.267887
1.761887 	 1.192500 	 0.997133 	 0.462054 	 -0.268393
1.764887 	 1.195000 	 0.997281 	 0.462552 	 -0.268898
1.767886 	 1.197500 	 0.997353 	 0.463549 	 -0.270401
1.771886 	 1.200000 	 0.997496 	 0.464547 	 -0.270906
1.774887 	 1.202500 	 0.997634 	 0.465544 	 -0.271411
1.777886 	 1.205000 	 0.997769 	 0.466542 	 -0.271916
1.780887 	 1.207500 	 0.997963 	 0.468039 	 -0.271422
1.783889 	 1.210000 	 0.998026 	 0.468538 	 -0.272924
1.786886 	 1.212500 	 0.998149 	 0.469536 	 -0.273428
1.789885 	 1.215000 	 0.998209 	 0.470035 	 -0.274930
1.792885 	 1.217500 	 0.998383 	 0.471532 	 -0.274435
1.795885 	 1.220000 	 0.998494 	 0.472531 	 -0.274938
1.799886 	 1.222500 	 0.998548 	 0.473030 	 -0.276440
1.802885 	 1.225000 	 0.998654 	 0.474029 	 -0.276943
1.805884 	 1.227500 	 0.998755 	 0.475027 	 -0.277445
1.808884 	 1.230000 	 0.998900 	 0.476525 	 -0.276949
1.811884 	 1.232500 	 0.998946 	 0.477025 	 -0.278450
1.815884 	 1.235000 	 0.999079 	 0.478523 	 -0.277953
1.819883 	 1.237500 	 0.999162 	 0.479522 	 -0.278455
1.822886 	 1.240000 	 0.999280 	 0.481021 	 -0.277957
1.825883 	 1.242500 	 0.999354 	 0.482021 	 -0.278459
1.828884 	 1.245000 	 0.999389 	 0.482520 	 -0.279959
1.831882 	 1.247500 	 0.999457 	 0.483520 	 -0.280461
1.835883 	 1.250000 	 0.999521 	 0.484519 	 -0.280962
1.839882 	 1.252500 	 0.999609 	 0.486018 	 -0.280463
1.843884 	 1.255000 	 0.999663 	 0.487018 	 -0.280964
1.847882 	 1.257500 	 0.999713 	 0.488018 	 -0.281464
1.850882 	 1.260000 	 0.999759 	 0.489018 	 -0.281965
1.853881 	 1.262500 	 0.999801 	 0.490017 	 -0.282465
1.856881 	 1.265000 	 0.999856 	 0.491517 	 -0.281966
1.859881 	 1.267500 	 0.999888 	 0.492517 	 -0.282466
1.862882 	 1.270000 	 0.999916 	 0.493517 	 -0.282966
1.865882 	 1.272500 	 0.999950 	 0.495017 	 -0.282467
1.868880 	 1.275000 	 2.000000 	 0.495517 	 -0.283967
1.871880 	 1.277500 	 0.999976 	 0.496517 	 -0.284467
1.874880 	 1.280000 	 0.999988 	 0.497517 	 -0.284967
1.877880 	 1.282500 	 0.999996 	 0.498517 	 -0.286467
1.880880 	 1.285000 	 0.999998 	 0.499017 	 -0.286967
1.883879 	 1.287500 	 1.000000 	 0.500017 	 -0.287467
1.886879 	 1.290000 	 0.999998 	 0.501017 	 -0.287967
1.889882 	 1.292500 	 0.999992 	 0.502017 	 -0.288467
1.892879 	 1.295000 	 0.999982 	 0.503017 	 -0.288967
1.895879 	 1.297500 	 0.999968 	 0.504017 	 -0.289467
1.898878 	 1.300000 	 0.999939 	 0.505516 	 -0.288967
1.902879 	 1.302500 	 0.999902 	 0.507016 	 -0.288467
1.904880 	 1.305000 	 0.999887 	 0.507516 	 -0.289967
1.908878 	 1.307500 	 0.999837 	 0.509016 	 -0.289468
1.911878 	 1.310000 	 0.999819 	 0.509516 	 -0.290968
1.915878 	 1.312500 	 0.999779 	 0.510516 	 -0.291468
1.918877 	 1.315000 	 0.999735 	 0.511516 	 -0.291969
1.921887 	 1.317500 	 0.999687 	 0.512515 	 -0.292469
1.924876 	 1.320000 	 0.999635 	 0.513515 	 -0.292970
1.928879 	 1.322500 	 0.999579 	 0.514515 	 -0.293471
1.931876 	 1.325000 	 0.999519 	 0.515514 	 -0.293972
1.934876 	 1.327500 	 0.999488 	 0.516014 	 -0.295472
1.938877 	 1.330000 	 0.999422 	 0.517013 	 -0.295973
1.941875 	 1.332500 	 0.999352 	 0.518013 	 -0.296474
1.944876 	 1.335000 	 0.999278 	 0.519012 	 -0.296976
1.947876 	 1.337500 	 0.999160 	 0.520511 	 -0.296478
1.950875 	 1.340000 	 0.999118 	 0.521011 	 -0.297979
1.953875 	 1.342500 	 0.998988 	 0.522509 	 -0.297482
1.956876 	 1.345000 	 2.000000 	 0.523009 	 -0.298983
1.959875 	 1.347500 	 0.998849 	 0.524008 	 -0.299485
1.962875 	 1.350000 	 0.998701 	 0.525506 	 -0.298988
1.965874 	 1.352500 	 0.998650 	 0.526005 	 -0.300490
1.969874 	 1.355000 	 0.998435 	 0.528002 	 -0.298995
1.973875 	 1.357500 	 0.998379 	 0.528502 	 -0.300497
1.976874 	 1.360000 	 0.998264 	 0.529500 	 -0.301000
1.979875 	 1.362500 	 0.998145 	 0.530498 	 -0.301504
1.982873 	 1.365000 	 0.998022 	 0.531496 	 -0.302008
1.985875 	 1.367500 	 0.997959 	 0.531995 	 -0.303510
1.988872 	 1.370000 	 0.997830 	 0.532993 	 -0.304014
1.992873 	 1.372500 	 0.997697 	 0.533991 	 -0.304518
1.995872 	 1.375000 	 0.997491 	 0.534989 	 -0.305023
1.998873 	 1.377500 	 0.997420 	 0.535986 	 -0.305528
2.001873 	 1.380000 	 0.997202 	 0.537482 	 -0.306033
2.003873 	 1.382500 	 0.997127 	 0.537981 	 -0.306538
2.006871 	 1.385000 	 0.997052 	 0.538479 	 -0.308041
2.010871 	 1.387500 	 0.996819 	 0.539975 	 -0.307550
2.013871 	 1.390000 	 0.996578 	 0.541470 	 -0.307060
2.016871 	 1.392500 	 0.996413 	 0.542466 	 -0.307567
2.019872 	 1.395000 	 0.996243 	 0.543463 	 -0.308074
2.022870 	 1.397500 	 0.995982 	 0.544957 	 -0.307586
2.026870 	 1.400000 	 0.995712 	 0.546451 	 -0.307098
2.029870 	 1.402500 	 0.995621 	 0.546949 	 -0.308602
2.033870 	 1.405000 	 0.995434 	 0.547944 	 -0.309111
2.036871 	 1.407500 	 0.995050 	 0.549935 	 -0.307630
2.040871 	 1.410000 	 0.994852 	 0.550930 	 -0.308140
2.043869 	 1.412500 	 0.994651 	 0.551925 	 -0.308651
2.047870 	 1.415000 	 0.994446 	 0.552919 	 -0.309161
2.051870 	 1.417500 	 0.994237 	 0.553914 	 -0.309673
2.054873 	 1.420000 	 0.994024 	 0.554908 	 -0.310184
2.058870 	 1.422500 	 0.993808 	 0.555902 	 -0.310696
2.062869 	 1.425000 	 0.993588 	 0.556896 	 -0.311209
2.066868 	 1.427500 	 0.993477 	 0.557392 	 -0.312715
2.069869 	 1.430000 	 0.993251 	 0.558386 	 -0.313228
2.073867 	 1.432500 	 0.992906 	 0.559876 	 -0.312749
2.076868 	 1.435000 	 0.992789 	 0.560372 	 -0.314256
2.079868 	 1.437500 	 0.992433 	 0.561861 	 -0.313778
2.082867 	 1.440000 	 0.992313 	 0.562357 	 -0.315286
2.085866 	 1.442500 	 0.992191 	 0.562853 	 -0.316793
2.089866 	 1.445000 	 0.991822 	 0.564341 	 -0.316317
2.092866 	 1.447500 	 0.991571 	 0.565333 	 -0.316834
2.095866 	 1.450000 	 0.991444 	 0.565829 	 -0.318342
2.098866 	 1.452500 	 0.991188 	 0.566820 	 -0.318859
2.101866 	 1.455000 	 0.990928 	 0.567812 	 -0.319377
2.105866 	 1.457500 	 0.990398 	 0.569793 	 -0.317914
2.108865 	 1.460000 	 0.990128 	 0.570783 	 -0.318433
2.111865 	 1.462500 	 0.989854 	 0.571773 	 -0.318953
2.115865 	 1.465000 	 0.989436 	 0.573258 	 -0.318484
2.119864 	 1.467500 	 0.989295 	 0.573753 	 -0.319995
2.123867 	 1.470000 	 0.988723 	 0.575731 	 -0.318538
2.126864 	 1.472500 	 0.988432 	 0.576719 	 -0.319061
2.130864 	 1.475000 	 0.988285 	 0.577214 	 -0.320573
2.134865 	 1.477500 	 0.987689 	 0.579190 	 -0.319120
2.138863 	 1.480000 	 0.987538 	 0.579684 	 -0.320633
2.142864 	 1.482500 	 0.987079 	 0.581165 	 -0.320171
2.145863 	 1.485000 	 0.986769 	 0.582152 	 -0.320697
2.148863 	 1.487500 	 0.986456 	 0.583138 	 -0.321223
2.154864 	 1.490000 	 0.986140 	 0.584125 	 -0.321750
2.157863 	 1.492500 	 0.985820 	 0.585111 	 -0.322278
2.160867 	 1.495000 	 0.985659 	 0.585604 	 -0.323792
2.163861 	 1.497500 	 0.985334 	 0.586589 	 -0.324321
2.166862 	 1.500000 	 0.985005 	 0.587575 	 -0.324851
2.169864 	 1.502500 	 0.984674 	 0.588560 	 -0.325381
2.172861 	 1.505000 	 0.984339 	 0.589544 	 -0.325912
2.176861 	 1.507500 	 0.983831 	 0.591020 	 -0.325459
2.180861 	 1.510000 	 0.983489 	 0.592004 	 -0.325992
2.183860 	 1.512500 	 0.983143 	 0.592988 	 -0.326525
2.187860 	 1.515000 	 0.982794 	 0.593971 	 -0.327059
2.190861 	 1.517500 	 0.982264 	 0.595445 	 -0.326611
2.193861 	 1.520000 	 0.982086 	 0.595936 	 -0.328129
2.196860 	 1.522500 	 0.981547 	 0.597409 	 -0.327683
2.200861 	 1.525000 	 0.981366 	 0.597899 	 -0.329201
2.203859 	 1.527500 	 0.981001 	 0.598881 	 -0.329739
2.206861 	 1.530000 	 0.980633 	 0.599861 	 -0.330277
2.209861 	 1.532500 	 0.980448 	 0.600352 	 -0.331796
2.212859 	 1.535000 	 0.980262 	 0.600842 	 -0.333316
2.216859 	 1.537500 	 0.979511 	 0.602802 	 -0.331896
2.220858 	 1.540000 	 0.979321 	 0.603292 	 -0.333417
2.224858 	 1.542500 	 0.978555 	 0.605250 	 -0.332000
2.228859 	 1.545000 	 0.978168 	 0.606228 	 -0.332544
2.231858 	 1.547500 	 0.977777 	 0.607206 	 -0.333087
2.234858 	 1.550000 	 0.977581 	 0.607695 	 -0.334610
2.237857 	 1.552500 	 0.977186 	 0.608673 	 -0.335155
2.240858 	 1.555000 	 0.976788 	 0.609650 	 -0.335700
2.243857 	 1.557500 	 0.976387 	 0.610626 	 -0.336247
2.246858 	 1.560000 	 0.976186 	 0.611115 	 -0.337771
2.250858 	 1.562500 	 0.975577 	 0.612579 	 -0.337343
2.254857 	 1.565000 	 0.975168 	 0.613554 	 -0.337892
2.258857 	 1.567500 	 0.974755 	 0.614529 	 -0.338442
2.261859 	 1.570000 	 0.974340 	 0.615504 	 -0.338992
2.264856 	 1.572500 	 0.974132 	 0.615991 	 -0.340518
2.267856 	 1.575000 	 0.973922 	 0.616478 	 -0.342044
2.271856 	 1.577500 	 0.973290 	 0.617939 	 -0.341623
2.275856 	 1.580000 	 0.973078 	 0.618425 	 -0.343149
2.279855 	 1.582500 	 0.972438 	 0.619885 	 -0.342731
2.282857 	 1.585000 	 0.972008 	 0.620857 	 -0.343286
2.286855 	 1.587500 	 0.971792 	 0.621343 	 -0.344814
2.289855 	 1.590000 	 0.971358 	 0.622315 	 -0.345371
2.292854 	 1.592500 	 0.970921 	 0.623286 	 -0.345928
2.295856 	 1.595000 	 0.970260 	 0.624742 	 -0.345516
2.298855 	 1.597500 	 0.969594 	 0.626197 	 -0.345106
2.302854 	 1.600000 	 0.968922 	 0.627651 	 -0.344698
2.305855 	 1.602500 	 0.968696 	 0.628135 	 -0.346229
2.308854 	 1.605000 	 0.968244 	 0.629104 	 -0.346792
2.311853 	 1.607500 	 0.967560 	 0.630556 	 -0.346388
2.314852 	 1.610000 	 0.967101 	 0.631524 	 -0.346953
2.317853 	 1.612500 	 0.966870 	 0.632007 	 -0.348486
2.321853 	 1.615000 	 0.966408 	 0.632974 	 -0.349052
2.325851 	 1.617500 	 0.965709 	 0.634423 	 -0.348654
2.328854 	 1.620000 	 0.965475 	 0.634906 	 -0.350188
2.331853 	 1.622500 	 0.964769 	 0.636354 	 -0.349792
2.334852 	 1.625000 	 0.964295 	 0.637318 	 -0.350363
2.337852 	 1.627500 	 0.964057 	 0.637801 	 -0.351899
2.340853 	 1.630000 	 0.963580 	 0.638765 	 -0.352471
2.344853 	 1.632500 	 0.963340 	 0.639246 	 -0.354007
2.347851 	 1.635000 	 0.962618 	 0.640691 	 -0.353618
2.350852 	 1.637500 	 0.962376 	 0.641172 	 -0.355155
2.353851 	 1.640000 	 0.961647 	 0.642615 	 -0.354769
2.356850 	 1.642500 	 0.961158 	 0.643577 	 -0.355346
2.359850 	 1.645000 	 0.960666 	 0.644538 	 -0.355924
2.362849 	 1.647500 	 0.960420 	 0.645018 	 -0.357463
2.365851 	 1.650000 	 0.959925 	 0.645979 	 -0.358043
2.369850 	 1.652500 	 0.959179 	 0.647418 	 -0.357664
2.373851 	 1.655000 	 0.958929 	 0.647898 	 -0.359204
2.376850 	 1.657500 	 0.958176 	 0.649336 	 -0.358828
2.379848 	 1.660000 	 0.957924 	 0.649815 	 -0.360370
2.382849 	 1.662500 	 0.957418 	 0.650773 	 -0.360955
2.386850 	 1.665000 	 0.956655 	 0.652208 	 -0.360583
2.389849 	 1.667500 	 0.956400 	 0.652687 	 -0.362127
2.393849 	 1.670000 	 0.955888 	 0.653643 	 -0.362714
2.396847 	 1.672500 	 0.955374 	 0.654599 	 -0.363302
2.399848 	 1.675000 	 0.954858 	 0.655554 	 -0.363892
2.402847 	 1.677500 	 0.954339 	 0.656509 	 -0.364482
2.405847 	 1.680000 	 0.953819 	 0.657463 	 -0.365074
2.408847 	 1.682500 	 0.953296 	 0.658417 	 -0.365667
2.411849 	 1.685000 	 0.953035 	 0.658893 	 -0.367213
2.414848 	 1.687500 	 0.952509 	 0.659846 	 -0.367808
2.417847 	 1.690000 	 0.952246 	 0.660322 	 -0.369355
2.421846 	 1.692500 	 0.951717 	 0.661275 	 -0.369951
2.425845 	 1.695000 	 0.951187 	 0.662226 	 -0.370548
2.428849 	 1.697500 	 0.950655 	 0.663177 	 -0.371146
2.431845 	 1.700000 	 0.950121 	 0.664128 	 -0.371745
2.434848 	 1.702500 	 0.949853 	 0.664603 	 -0.373294
2.437846 	 1.705000 	 0.949316 	 0.665553 	 -0.373895
2.440846 	 1.707500 	 0.949047 	 0.666027 	 -0.375446
2.444845 	 1.710000 	 0.948236 	 0.667450 	 -0.375099
2.448847 	 1.712500 	 0.947694 	 0.668398 	 -0.375703
2.451843 	 1.715000 	 0.947422 	 0.668872 	 -0.377255
2.454846 	 1.717500 	 0.946877 	 0.669820 	 -0.377861
2.457845 	 1.720000 	 0.946330 	 0.670766 	 -0.378467
2.460844 	 1.722500 	 0.946056 	 0.671239 	 -0.380021
2.464843 	 1.725000 	 0.945231 	 0.672658 	 -0.379684
2.467844 	 1.727500 	 0.944955 	 0.673131 	 -0.381238
2.471842 	 1.730000 	 0.944402 	 0.674076 	 -0.381849
2.474843 	 1.732500 	 0.943847 	 0.675020 	 -0.382460
2.477843 	 1.735000 	 0.943290 	 0.675964 	 -0.383073
2.480843 	 1.737500 	 0.942452 	 0.677378 	 -0.382744
2.484845 	 1.740000 	 0.942172 	 0.677849 	 -0.384301
2.488841 	 1.742500 	 0.941611 	 0.678791 	 -0.384917
2.492842 	 1.745000 	 0.940765 	 0.680203 	 -0.384593
2.495843 	 1.747500 	 0.940200 	 0.681144 	 -0.385212
2.498841 	 1.750000 	 0.939633 	 0.682084 	 -0.385832
2.501842 	 1.752500 	 0.938779 	 0.683493 	 -0.385514
2.504842 	 1.755000 	 0.938208 	 0.684432 	 -0.386137
2.507842 	 1.757500 	 0.937922 	 0.684901 	 -0.387698
2.511841 	 1.760000 	 0.937062 	 0.686307 	 -0.387386
2.514839 	 1.762500 	 0.936775 	 0.686776 	 -0.388949
2.518841 	 1.765000 	 0.936198 	 0.687712 	 -0.389575
2.522841 	 1.767500 	 0.935331 	 0.689116 	 -0.389268
2.526841 	 1.770000 	 0.935042 	 0.689584 	 -0.390832
2.529840 	 1.772500 	 0.934170 	 0.690986 	 -0.390528
2.532840 	 1.775000 	 0.933588 	 0.691920 	 -0.391160
2.535838 	 1.777500 	 0.933296 	 0.692387 	 -0.392726
2.538838 	 1.780000 	 0.933004 	 0.692854 	 -0.394293
2.542839 	 1.782500 	 0.932125 	 0.694253 	 -0.393995
2.546839 	 1.785000 	 0.931538 	 0.695185 	 -0.394631
2.550839 	 1.787500 	 0.930655 	 0.696581 	 -0.394337
2.554837 	 1.790000 	 0.930359 	 0.697047 	 -0.395907
2.559839 	 1.792500 	 0.929768 	 0.697977 	 -0.396546
2.563836 	 1.795000 	 0.929176 	 0.698907 	 -0.397187
2.568836 	 1.797500 	 0.928285 	 0.700300 	 -0.396900
2.571836 	 1.800000 	 0.927391 	 0.701692 	 -0.396616
2.574838 	 1.802500 	 0.926793 	 0.702619 	 -0.397262
2.578836 	 1.805000 	 0.926494 	 0.703083 	 -0.398835
2.582837 	 1.807500 	 0.925895 	 0.704009 	 -0.399482
2.585835 	 1.810000 	 0.925294 	 0.704935 	 -0.400131
2.588837 	 1.812500 	 0.924693 	 0.705860 	 -0.400781
2.591836 	 1.815000 	 0.924090 	 0.706784 	 -0.401431
2.594837 	 1.817500 	 0.923486 	 0.707708 	 -0.402084
2.598837 	 1.820000 	 0.922579 	 0.709093 	 -0.401814
2.602836 	 1.822500 	 0.922275 	 0.709554 	 -0.403391
2.606835 	 1.825000 	 0.921364 	 0.710937 	 -0.403126
2.609835 	 1.827500 	 0.920756 	 0.711858 	 -0.403783
2.613835 	 1.830000 	 0.920451 	 0.712319 	 -0.405362
2.616833 	 1.832500 	 0.919841 	 0.713239 	 -0.406022
2.620833 	 1.835000 	 0.918923 	 0.714618 	 -0.405763
2.623834 	 1.837500 	 0.918617 	 0.715078 	 -0.407344
2.626834 	 1.840000 	 0.918004 	 0.715996 	 -0.408007
2.629834 	 1.842500 	 0.917390 	 0.716914 	 -0.408672
2.632834 	 1.845000 	 0.916467 	 0.718290 	 -0.408420
2.635833 	 1.847500 	 0.916159 	 0.718748 	 -0.410004
2.638841 	 1.850000 	 0.915850 	 0.719206 	 -0.411588
2.641832 	 1.852500 	 0.915233 	 0.720122 	 -0.412256
2.644833 	 1.855000 	 0.914614 	 0.721037 	 -0.412926
2.648834 	 1.857500 	 0.914305 	 0.721494 	 -0.414512
2.651831 	 1.860000 	 0.913685 	 0.722408 	 -0.415183
2.655831 	 1.862500 	 0.912754 	 0.723778 	 -0.414943
2.658830 	 1.865000 	 0.912132 	 0.724691 	 -0.415618
2.662834 	 1.867500 	 0.911198 	 0.726059 	 -0.415382
2.666831 	 1.870000 	 0.910574 	 0.726970 	 -0.416060
2.669830 	 1.872500 	 0.910262 	 0.727425 	 -0.417650
2.672832 	 1.875000 	 0.909950 	 0.727880 	 -0.419240
2.675829 	 1.877500 	 0.909324 	 0.728790 	 -0.419920
2.678830 	 1.880000 	 0.908698 	 0.729699 	 -0.420602
2.681829 	 1.882500 	 0.908385 	 0.730154 	 -0.422193
2.685831 	 1.885000 	 0.908071 	 0.730608 	 -0.423785
2.688829 	 1.887500 	 0.907443 	 0.731516 	 -0.424469
2.691830 	 1.890000 	 0.906815 	 0.732423 	 -0.425154
2.694831 	 1.892500 	 0.906500 	 0.732876 	 -0.426747
2.697828 	 1.895000 	 0.905871 	 0.733783 	 -0.427435
2.701830 	 1.897500 	 0.904925 	 0.735141 	 -0.427218
2.704829 	 1.900000 	 0.904294 	 0.736046 	 -0.427908
2.707829 	 1.902500 	 0.903662 	 0.736950 	 -0.428600
2.710828 	 1.905000 	 0.903030 	 0.737853 	 -0.429293
2.714828 	 1.907500 	 0.902397 	 0.738756 	 -0.429987
2.717828 	 1.910000 	 0.901763 	 0.739659 	 -0.430683
2.720828 	 1.912500 	 0.901129 	 0.740560 	 -0.431380
2.723828 	 1.915000 	 0.900494 	 0.741461 	 -0.432078
2.726827 	 1.917500 	 0.899541 	 0.742811 	 -0.431877
2.729827 	 1.920000 	 0.898904 	 0.743711 	 -0.432578
2.732826 	 1.922500 	 0.898586 	 0.744160 	 -0.434180
2.735831 	 1.925000 	 0.898267 	 0.744610 	 -0.435781
2.738827 	 1.927500 	 0.897311 	 0.745956 	 -0.435587
2.741827 	 1.930000 	 0.896673 	 0.746854 	 -0.436293
2.744828 	 1.932500 	 0.896354 	 0.747302 	 -0.437896
2.748827 	 1.935000 	 0.895715 	 0.748198 	 -0.438604
2.751825 	 1.937500 	 0.895075 	 0.749094 	 -0.439313
2.754826 	 1.940000 	 0.894435 	 0.749989 	 -0.440023
2.758826 	 1.942500 	 0.894115 	 0.750436 	 -0.441628
2.762824 	 1.945000 	 0.892834 	 0.752223 	 -0.440554
2.765825 	 1.947500 	 0.892513 	 0.752669 	 -0.442161
2.768825 	 1.950000 	 0.891550 	 0.754008 	 -0.441984
2.771827 	 1.952500 	 0.891229 	 0.754454 	 -0.443593
2.776823 	 1.955000 	 0.890266 	 0.755790 	 -0.443420
2.780825 	 1.957500 	 0.889301 	 0.757125 	 -0.443250
2.784825 	 1.960000 	 0.888979 	 0.757569 	 -0.444861
2.787824 	 1.962500 	 0.888335 	 0.758458 	 -0.445583
2.790825 	 1.965000 	 0.888013 	 0.758902 	 -0.447195
2.793824 	 1.967500 	 0.887047 	 0.760234 	 -0.447032
2.797823 	 1.970000 	 0.886402 	 0.761121 	 -0.447758
2.800822 	 1.972500 	 0.886080 	 0.761564 	 -0.449372
2.803822 	 1.975000 	 0.885757 	 0.762007 	 -0.450986
2.806823 	 1.977500 	 0.884789 	 0.763335 	 -0.450829
2.809821 	 1.980000 	 0.884466 	 0.763778 	 -0.452445
2.812822 	 1.982500 	 0.883820 	 0.764662 	 -0.453176
2.816822 	 1.985000 	 0.883174 	 0.765546 	 -0.453909
2.820821 	 1.987500 	 0.882204 	 0.766870 	 -0.453760
2.823822 	 1.990000 	 0.881557 	 0.767752 	 -0.454496
2.826821 	 1.992500 	 0.881234 	 0.768193 	 -0.456115
2.830822 	 1.995000 	 0.880586 	 0.769074 	 -0.456852
2.833820 	 1.997500 	 0.879615 	 0.770394 	 -0.456712
2.836822 	 2.000000 	 0.878968 	 0.771274 	 -0.457453
2.840820 	 2.002500 	 0.878320 	 0.772152 	 -0.458195
2.843819 	 2.005000 	 0.877672 	 0.773031 	 -0.458939
2.847819 	 2.007500 	 0.877023 	 0.773908 	 -0.459684
2.851820 	 2.010000 	 0.876051 	 0.775223 	 -0.459554
2.854820 	 2.012500 	 0.875078 	 0.776537 	 -0.459426
2.858818 	 2.015000 	 0.874429 	 0.777412 	 -0.460177
2.862820 	 2.017500 	 0.873131 	 0.779160 	 -0.459181
2.866819 	 2.020000 	 0.872482 	 0.780033 	 -0.459935
2.870818 	 2.022500 	 0.871833 	 0.780905 	 -0.460690
2.873818 	 2.025000 	 0.871183 	 0.781777 	 -0.461447
2.876818 	 2.027500 	 0.870209 	 0.783083 	 -0.461334
2.879819 	 2.030000 	 0.869884 	 0.783518 	 -0.462964
2.883818 	 2.032500 	 0.868910 	 0.784822 	 -0.462855
2.887818 	 2.035000 	 0.868261 	 0.785691 	 -0.463618
2.890820 	 2.037500 	 0.867611 	 0.786559 	 -0.464382
2.893816 	 2.040000 	 0.867286 	 0.786993 	 -0.466014
2.896818 	 2.042500 	 0.866961 	 0.787427 	 -0.467647
2.899816 	 2.045000 	 0.865987 	 0.788727 	 -0.467547
2.902817 	 2.047500 	 0.865662 	 0.789159 	 -0.469181
2.906816 	 2.050000 	 0.864688 	 0.790458 	 -0.469085
2.910816 	 2.052500 	 0.863713 	 0.791754 	 -0.468992
2.914817 	 2.055000 	 0.863388 	 0.792186 	 -0.470628
2.917814 	 2.057500 	 0.862739 	 0.793049 	 -0.471402
2.920815 	 2.060000 	 0.862089 	 0.793912 	 -0.472177
2.923816 	 2.062500 	 0.861440 	 0.794774 	 -0.472953
2.926814 	 2.065000 	 0.861115 	 0.795204 	 -0.474591
2.929816 	 2.067500 	 0.860466 	 0.796065 	 -0.475369
2.932815 	 2.070000 	 0.860141 	 0.796496 	 -0.477009
2.935815 	 2.072500 	 0.859167 	 0.797785 	 -0.476929
2.938816 	 2.075000 	 0.858843 	 0.798215 	 -0.478570
2.941815 	 2.077500 	 0.858194 	 0.799074 	 -0.479353
2.944813 	 2.080000 	 0.857545 	 0.799932 	 -0.480137
2.948815 	 2.082500 	 0.857220 	 0.800360 	 -0.481779
2.951815 	 2.085000 	 0.856247 	 0.801646 	 -0.481709
2.954814 	 2.087500 	 0.855923 	 0.802074 	 -0.483352
2.957812 	 2.090000 	 0.855274 	 0.802930 	 -0.484141
2.960813 	 2.092500 	 0.854626 	 0.803785 	 -0.484931
2.963812 	 2.095000 	 0.854302 	 0.804212 	 -0.486576
2.967813 	 2.097500 	 0.853329 	 0.805493 	 -0.486514
2.970812 	 2.100000 	 0.852681 	 0.806346 	 -0.487308
2.974811 	 2.102500 	 0.852034 	 0.807199 	 -0.488103
2.977812 	 2.105000 	 0.851062 	 0.808476 	 -0.488048
2.980810 	 2.107500 	 0.850739 	 0.808902 	 -0.489697
2.983810 	 2.110000 	 0.850091 	 0.809752 	 -0.490495
2.986812 	 2.112500 	 0.849768 	 0.810177 	 -0.492145
2.991810 	 2.115000 	 0.849121 	 0.811027 	 -0.492946
2.994812 	 2.117500 	 0.848151 	 0.812300 	 -0.492900
2.997810 	 2.120000 	 0.847504 	 0.813148 	 -0.493704
3.001810 	 2.122500 	 0.846858 	 0.813995 	 -0.494509
3.004811 	 2.125000 	 0.845889 	 0.815265 	 -0.494469
3.007810 	 2.127500 	 0.845243 	 0.815688 	 -0.496124
3.010809 	 2.130000 	 0.844921 	 0.816534 	 -0.496933
3.013809 	 2.132500 	 0.844275 	 0.817378 	 -0.497743
3.017808 	 2.135000 	 0.843308 	 0.818644 	 -0.497711
3.021808 	 2.137500 	 0.842663 	 0.819487 	 -0.498525
3.024812 	 2.140000 	 0.841697 	 0.820751 	 -0.498498
3.028809 	 2.142500 	 0.841375 	 0.821172 	 -0.500156
3.032807 	 2.145000 	 0.840409 	 0.822433 	 -0.500133
3.036808 	 2.147500 	 0.839766 	 0.823274 	 -0.500953
3.040808 	 2.150000 	 0.838802 	 0.824533 	 -0.500934
3.044808 	 2.152500 	 0.838480 	 0.824952 	 -0.502596
3.047806 	 2.155000 	 0.837838 	 0.825791 	 -0.503419
3.050807 	 2.157500 	 0.837517 	 0.826209 	 -0.505081
3.054807 	 2.160000 	 0.836554 	 0.827465 	 -0.505069
3.057807 	 2.162500 	 0.836233 	 0.827884 	 -0.506733
3.060806 	 2.165000 	 0.835592 	 0.828720 	 -0.507561
3.063805 	 2.167500 	 0.834630 	 0.829973 	 -0.507555
3.066809 	 2.170000 	 0.834310 	 0.830390 	 -0.509220
3.070806 	 2.172500 	 0.833350 	 0.831641 	 -0.509218
3.074807 	 2.175000 	 0.832710 	 0.832474 	 -0.510052
3.078805 	 2.177500 	 0.832071 	 0.833307 	 -0.510887
3.083805 	 2.180000 	 0.831112 	 0.834554 	 -0.510892
3.087804 	 2.182500 	 0.830474 	 0.835385 	 -0.511730
3.091805 	 2.185000 	 0.829517 	 0.836630 	 -0.511739
3.095804 	 2.187500 	 0.828561 	 0.837874 	 -0.511752
3.099804 	 2.190000 	 0.828243 	 0.838288 	 -0.513423
3.103805 	 2.192500 	 2.000000 	 0.839117 	 -0.514267
3.108805 	 2.195000 	 0.826652 	 0.840357 	 -0.514285
3.112805 	 2.197500 	 0.826016 	 0.841184 	 -0.515132
3.116805 	 2.200000 	 0.825063 	 0.842423 	 -0.515155
3.120804 	 2.202500 	 0.824746 	 0.842835 	 -0.516830
3.125801 	 2.205000 	 0.823477 	 0.844484 	 -0.516033
3.130802 	 2.207500 	 0.822527 	 0.845718 	 -0.516063
3.134803 	 2.210000 	 0.821894 	 0.846541 	 -0.516919
3.138803 	 2.212500 	 0.821578 	 0.846952 	 -0.518597
3.143804 	 2.215000 	 0.820630 	 0.848184 	 -0.518633
3.147801 	 2.217500 	 0.819683 	 0.849414 	 -0.518672
3.151803 	 2.220000 	 0.818422 	 0.851052 	 -0.517895
3.155800 	 2.222500 	 0.818107 	 0.851462 	 -0.519577
3.159802 	 2.225000 	 0.817163 	 0.852688 	 -0.519623
3.163801 	 2.227500 	 0.816534 	 0.853505 	 -0.520489
3.167799 	 2.230000 	 0.815905 	 0.854322 	 -0.521357
3.172799 	 2.232500 	 0.814963 	 0.855545 	 -0.521410
3.176798 	 2.235000 	 0.814023 	 0.856767 	 -0.521466
3.180799 	 2.237500 	 0.813083 	 0.857988 	 -0.521525
3.184798 	 2.240000 	 0.812458 	 0.858801 	 -0.522399
3.189801 	 2.242500 	 0.811832 	 0.859613 	 -0.523274
3.193797 	 2.245000 	 0.811208 	 0.860425 	 -0.524151
3.197798 	 2.247500 	 0.810272 	 0.861641 	 -0.524218
3.201798 	 2.250000 	 0.809337 	 0.862856 	 -0.524288
3.205800 	 2.252500 	 0.808714 	 0.863665 	 -0.525170
3.209798 	 2.255000 	 0.808403 	 0.864069 	 -0.526861
3.214798 	 2.257500 	 0.808092 	 0.864474 	 -0.526053
3.218797 	 2.260000 	 0.806849 	 0.866089 	 -0.527822
3.222797 	 2.262500 	 0.806539 	 0.866492 	 -0.529516
3.227796 	 2.265000 	 0.805609 	 0.867702 	 -0.529597
3.231796 	 2.267500 	 0.804990 	 0.868507 	 -0.530486
3.235798 	 2.270000 	 0.804371 	 0.869312 	 -0.531376
3.239796 	 2.272500 	 0.803753 	 0.870116 	 -0.532268
3.244796 	 2.275000 	 0.802826 	 0.871321 	 -0.532358
3.248794 	 2.277500 	 0.801901 	 0.872525 	 -0.532450
3.252793 	 2.280000 	 0.801285 	 0.873327 	 -0.533346
3.257793 	 2.282500 	 0.800670 	 0.874128 	 -0.534244
3.262794 	 2.285000 	 0.799441 	 0.875728 	 -0.533543
3.267794 	 2.287500 	 2.000000 	 0.876528 	 -0.534445
3.271792 	 2.290000 	 0.798214 	 0.877326 	 -0.535347
3.276793 	 2.292500 	 0.797295 	 0.878523 	 -0.535454
3.280792 	 2.295000 	 0.796378 	 0.879719 	 -0.535563
3.284793 	 2.297500 	 0.795767 	 0.880515 	 -0.536470
3.288792 	 2.300000 	 0.795462 	 0.880913 	 -0.538175
3.292793 	 2.302500 	 0.794852 	 0.881708 	 -0.539084
3.296791 	 2.305000 	 0.794243 	 0.882503 	 -0.539995
3.300793 	 2.307500 	 0.793330 	 0.883694 	 -0.540113
3.304793 	 2.310000 	 0.792722 	 0.884487 	 -0.541026
3.308792 	 2.312500 	 0.792115 	 0.885279 	 -0.541941
3.312791 	 2.315000 	 0.791206 	 0.886467 	 -0.542066
3.317792 	 2.317500 	 0.790298 	 0.887653 	 -0.542193
3.321792 	 2.320000 	 0.789693 	 0.888444 	 -0.543113
3.325789 	 2.322500 	 0.789089 	 0.889233 	 -0.544034
3.329790 	 2.325000 	 0.788184 	 0.890416 	 -0.544167
3.333790 	 2.327500 	 0.787581 	 0.891204 	 -0.545091
3.337790 	 2.330000 	 0.786980 	 0.891992 	 -0.546016
3.341789 	 2.332500 	 0.786078 	 0.893172 	 -0.546156
3.345789 	 2.335000 	 0.785778 	 0.893565 	 -0.547870
3.349789 	 2.337500 	 0.784878 	 0.894743 	 -0.548014
3.353788 	 2.340000 	 0.783980 	 0.895920 	 -0.548160
3.357787 	 2.342500 	 0.783681 	 0.896312 	 -0.549876
3.361788 	 2.345000 	 0.782784 	 0.897487 	 -0.550026
3.366788 	 2.347500 	 0.781889 	 0.898661 	 -0.550179
3.370788 	 2.350000 	 0.780996 	 0.899833 	 -0.550334
3.374787 	 2.352500 	 0.780401 	 0.900614 	 -0.551272
3.378787 	 2.355000 	 0.779807 	 0.901394 	 -0.552212
3.382787 	 2.357500 	 0.778917 	 0.902563 	 -0.552373
3.386786 	 2.360000 	 0.778324 	 0.903342 	 -0.553315
3.391787 	 2.362500 	 0.777437 	 0.904509 	 -0.553481
3.395786 	 2.365000 	 0.777141 	 0.904898 	 -0.555204
3.399784 	 2.367500 	 0.776256 	 0.906063 	 -0.555373
3.403785 	 2.370000 	 0.775372 	 0.907227 	 -0.555546
3.407785 	 2.372500 	 0.775077 	 0.907615 	 -0.557270
3.412783 	 2.375000 	 0.774195 	 0.908777 	 -0.557446
3.417783 	 2.377500 	 0.773315 	 0.909938 	 -0.557624
3.421787 	 2.380000 	 0.772143 	 0.911484 	 -0.557033
3.425784 	 2.382500 	 0.771851 	 0.911870 	 -0.558760
3.441784 	 2.385000 	 0.770974 	 0.913027 	 -0.558946
3.445782 	 2.387500 	 0.770391 	 0.913798 	 -0.559904
3.450782 	 2.390000 	 0.770099 	 0.914183 	 -0.561634
3.455785 	 2.392500 	 0.769226 	 0.915338 	 -0.561824
3.459782 	 2.395000 	 0.768644 	 0.916107 	 -0.562786
3.463781 	 2.397500 	 0.768064 	 0.916875 	 -0.563749
3.467781 	 2.400000 	 0.767194 	 0.918027 	 -0.563946
3.471780 	 2.402500 	 0.766615 	 0.918794 	 -0.564912
3.475782 	 2.405000 	 0.765459 	 0.920326 	 -0.564347
3.479780 	 2.407500 	 0.764882 	 0.921092 	 -0.565316
3.483781 	 2.410000 	 0.764593 	 0.921474 	 -0.567052
3.487780 	 2.412500 	 0.763730 	 0.922621 	 -0.567259
3.491779 	 2.415000 	 0.763155 	 0.923384 	 -0.568231
3.496778 	 2.417500 	 0.762007 	 0.924910 	 -0.567681
3.501779 	 2.420000 	 0.761148 	 0.926052 	 -0.567895
3.505781 	 2.422500 	 0.760291 	 0.927194 	 -0.568113
3.509780 	 2.425000 	 0.759435 	 0.928334 	 -0.568333
3.513793 	 2.427500 	 0.758865 	 0.929093 	 -0.569314
3.517778 	 2.430000 	 0.758012 	 0.930231 	 -0.569538
3.521778 	 2.432500 	 0.757161 	 0.931367 	 -0.569765
3.526776 	 2.435000 	 0.756311 	 0.932503 	 -0.569995
3.530777 	 2.437500 	 0.755462 	 0.933637 	 -0.570227
3.534777 	 2.440000 	 0.754897 	 0.934392 	 -0.571216
3.538778 	 2.442500 	 0.754333 	 0.935147 	 -0.572206
3.542777 	 2.445000 	 0.753770 	 0.935901 	 -0.573198
3.546778 	 2.447500 	 0.752926 	 0.937031 	 -0.573438
3.550780 	 2.450000 	 0.752365 	 0.937784 	 -0.574432
3.554775 	 2.452500 	 0.752365 	 0.937784 	 -0.574432
3.558775 	 2.455000 	 0.751804 	 0.938536 	 -0.577928
3.563776 	 2.457500 	 0.750684 	 0.940039 	 -0.577422
3.567775 	 2.460000 	 0.750405 	 0.940414 	 -0.579171
3.571776 	 2.462500 	 0.749289 	 0.941914 	 -0.578671
3.575775 	 2.465000 	 0.748732 	 0.942663 	 -0.579673
3.579774 	 2.467500 	 0.748454 	 0.943038 	 -0.581424
3.584774 	 2.470000 	 0.747343 	 0.944534 	 -0.580932
3.588774 	 2.472500 	 0.747066 	 0.944908 	 -0.582685
3.593772 	 2.475000 	 0.746235 	 0.946028 	 -0.582944
3.598772 	 2.477500 	 0.745406 	 0.947147 	 -0.583207
3.602772 	 2.480000 	 0.744854 	 0.947892 	 -0.584216
3.607771 	 2.482500 	 0.743752 	 0.949381 	 -0.583738
3.612773 	 2.485000 	 0.742928 	 0.950496 	 -0.584008
3.616771 	 2.487500 	 0.742379 	 0.951239 	 -0.585022
3.620772 	 2.490000 	 0.741831 	 0.951981 	 -0.586038
3.624770 	 2.492500 	 0.740737 	 0.953464 	 -0.585572
3.628771 	 2.495000 	 0.739919 	 0.954575 	 -0.585851
3.633770 	 2.497500 	 0.739374 	 0.955314 	 -0.586871
3.638769 	 2.500000 	 0.738558 	 0.956423 	 -0.587154
3.643769 	 2.502500 	 0.737202 	 0.958268 	 -0.585964
3.648770 	 2.505000 	 0.736661 	 0.959005 	 -0.586990
3.652770 	 2.507500 	 0.736120 	 0.959742 	 -0.588017
3.657769 	 2.510000 	 0.735311 	 0.960845 	 -0.588309
3.662769 	 2.512500 	 0.734503 	 0.961948 	 -0.588604
3.666769 	 2.515000 	 0.733697 	 0.963049 	 -0.588901
3.671769 	 2.517500 	 0.732893 	 0.964150 	 -0.589201
3.676769 	 2.520000 	 0.732090 	 0.965248 	 -0.589503
3.681768 	 2.522500 	 0.731022 	 0.966712 	 -0.589076
3.683766 	 2.525000 	 0.730756 	 0.967077 	 -0.590845
3.688767 	 2.527500 	 0.729957 	 0.968173 	 -0.591154
3.692767 	 2.530000 	 0.729160 	 0.969268 	 -0.591465
3.696771 	 2.532500 	 0.728365 	 0.970361 	 -0.591778
3.700767 	 2.535000 	 0.727572 	 0.971453 	 -0.592094
3.704766 	 2.537500 	 0.727043 	 0.972181 	 -0.593139
3.709765 	 2.540000 	 0.726252 	 0.973271 	 -0.593459
3.713766 	 2.542500 	 0.725463 	 0.974360 	 -0.593781
3.718767 	 2.545000 	 0.724675 	 0.975448 	 -0.594105
3.722764 	 2.547500 	 0.724151 	 0.976172 	 -0.595156
3.727765 	 2.550000 	 0.723628 	 0.976896 	 -0.596208
3.731765 	 2.552500 	 0.722844 	 0.977981 	 -0.596538
3.735764 	 2.555000 	 0.722322 	 0.978704 	 -0.597592
3.739771 	 2.557500 	 0.721541 	 0.979787 	 -0.597926
3.743763 	 2.560000 	 0.721021 	 0.980508 	 -0.598983
3.747764 	 2.562500 	 0.720242 	 0.981590 	 -0.599321
3.752762 	 2.565000 	 0.719466 	 0.982669 	 -0.599661
3.756764 	 2.567500 	 0.718690 	 0.983748 	 -0.600003
3.761763 	 2.570000 	 0.717917 	 0.984826 	 -0.600348
3.766762 	 2.572500 	 0.716888 	 0.986261 	 -0.599978
3.771762 	 2.575000 	 0.716374 	 0.986978 	 -0.601044
3.775761 	 2.577500 	 0.715605 	 0.988052 	 -0.601396
3.779762 	 2.580000 	 0.714838 	 0.989125 	 -0.601750
3.783762 	 2.582500 	 0.714583 	 0.989482 	 -0.603535
3.787761 	 2.585000 	 0.713817 	 0.990554 	 -0.603892
3.792762 	 2.587500 	 0.713308 	 0.991268 	 -0.604965
3.796760 	 2.590000 	 0.712546 	 0.992337 	 -0.605326
3.801760 	 2.592500 	 0.711785 	 0.993406 	 -0.605689
3.805761 	 2.595000 	 0.711279 	 0.994117 	 -0.606766
3.809759 	 2.597500 	 0.710773 	 0.994828 	 -0.607843
3.813758 	 2.600000 	 0.710268 	 0.995539 	 -0.608922
3.818759 	 2.602500 	 0.709512 	 0.996604 	 -0.609292
3.823759 	 2.605000 	 0.709260 	 0.996959 	 -0.611082
3.827760 	 2.607500 	 0.708507 	 0.998022 	 -0.611455
3.831759 	 2.610000 	 0.708005 	 0.998731 	 -0.612539
3.835758 	 2.612500 	 0.707504 	 0.999439 	 -0.613623
